 	avec	la	pluie	qui	était	tombée	on	ne	pouvait	plus	avancer	</S>
l	0.470747	0.453612	0.0112409	0.0159305	0.00262745	0.0119794	0.0153308	0.0075017	0.00224596	0.00820565	0.000399054	0.000180067
a	0.555631	0.366305	0.0240505	0.0103002	0.00398112	0.0143867	0.00486583	0.0033624	0.000744348	0.00472608	0.0104087	0.00123836
m	0.427452	0.342892	0.0291972	0.0152196	0.0521493	0.0412371	0.0144833	0.0138674	0.00306916	0.00909988	0.0209981	0.0303347
b	0.0643557	0.230997	0.67458	0.0100361	0.00578164	0.00777647	0.000735698	0.000507575	0.000191619	7.22233e-05	0.00066548	0.00430093
v	0.00418553	0.0398259	0.945927	0.0015149	0.00127057	0.0039515	0.000196853	0.000277488	0.000352365	8.21744e-05	0.000826909	0.00158893
ú	0.020877	0.134438	0.825539	0.00334014	0.000560344	0.0065597	0.000251015	0.000228563	0.000641905	9.8329e-05	0.00333799	0.00412756
á	0.0772602	0.417134	0.411849	0.0404691	0.0126094	0.0126038	0.00156186	0.00190092	0.00293592	0.000715384	0.00741388	0.0135467
y	0.175078	0.137939	0.0836518	0.410526	0.0567266	0.0439012	0.0443896	0.0136545	0.00505638	0.0130431	0.00581438	0.010219
ε	0.166565	0.180877	0.28069	0.187957	0.0741482	0.0307657	0.0129682	0.00401851	0.00108659	0.00495702	0.026888	0.0290791
ε	0.124757	0.074199	0.176296	0.270586	0.111523	0.0784086	0.0356728	0.0113812	0.00207513	0.0181448	0.0340115	0.0629454
n	0.0211858	0.0188029	0.250101	0.0972155	0.458481	0.062351	0.0109641	0.0261231	0.0240594	0.00279601	0.0046666	0.0232536
ώ	0.0142651	0.0398243	0.475832	0.143026	0.103768	0.10486	0.010644	0.0115306	0.00957042	0.00417625	0.0153814	0.0671217
í	0.0130226	0.0336545	0.105546	0.435926	0.0621191	0.166635	0.0393575	0.0245477	0.0123734	0.0229805	0.0223843	0.0614529
w	0.0134985	0.00859764	0.0280744	0.445731	0.20718	0.108575	0.114623	0.0302809	0.00806445	0.0137907	0.00350763	0.0180768
ó	0.0214024	0.0142341	0.040785	0.230084	0.133729	0.134091	0.113491	0.102926	0.0195996	0.0342496	0.0349879	0.12042
l	0.00509188	0.00267109	0.0120095	0.134521	0.138776	0.234725	0.246759	0.0715207	0.0168868	0.0335834	0.0164261	0.087028
e	0.0108182	0.0053317	0.0120174	0.0853448	0.098771	0.16048	0.136286	0.121931	0.0321403	0.0577063	0.0341388	0.245035
d	0.0102342	0.00507546	0.0096563	0.0558287	0.0656929	0.257246	0.303615	0.170165	0.0393619	0.0220668	0.012049	0.0490087
í	0.00472395	0.00539207	0.0105716	0.0191983	0.275252	0.344277	0.145472	0.0798252	0.0212926	0.00686677	0.0136735	0.0734546
o	0.00217808	0.00134173	0.00228533	0.0326031	0.0489439	0.0964567	0.387561	0.242017	0.102676	0.0483653	0.00853521	0.0270369
b	0.00243761	0.0034926	0.00401549	0.00343054	0.0169569	0.0421333	0.0696957	0.354216	0.473427	0.0159719	0.00847751	0.00574523
h	0.00196799	0.00400429	0.00679573	0.00777666	0.00426225	0.0402503	0.0272277	0.119121	0.7503	0.00896806	0.0173958	0.0119309
e	0.00107823	0.00104861	0.00132548	0.00215343	0.0018183	0.0177252	0.01063	0.0647712	0.874207	0.00623673	0.0121694	0.00683664
r	0.000638735	0.000335805	0.00104988	0.00675103	0.00722771	0.027917	0.0560328	0.142627	0.690202	0.0269139	0.00788063	0.032423
á	0.00133083	0.00155777	0.00553062	0.00641855	0.00751218	0.120278	0.0557787	0.206891	0.243681	0.0311434	0.0386189	0.281259
o	0.00202887	0.00117268	0.00212538	0.00777325	0.00442432	0.053367	0.288416	0.211096	0.178295	0.166418	0.0418091	0.0430747
b	0.000667289	0.00112163	0.00325722	0.00140138	0.0028795	0.0105941	0.0176134	0.102357	0.636088	0.111778	0.0788678	0.0333747
v	0.000505493	0.00175192	0.00838604	0.00498568	0.000706745	0.0163273	0.011846	0.068161	0.795307	0.0265408	0.047167	0.0183149
ú	0.000727014	0.000667895	0.00258939	0.00229873	0.00052282	0.0135666	0.0291554	0.0677072	0.782116	0.0309671	0.0524476	0.0172346
r	0.00416338	0.00256229	0.000411985	0.00503064	0.000625164	0.0118998	0.0659147	0.109268	0.486284	0.236675	0.0210442	0.0561219
á	0.00117325	0.000820044	0.000569915	0.0016816	0.00103742	0.0103623	0.0337954	0.111204	0.135982	0.277409	0.121755	0.30421
ω	0.00267784	0.00128296	0.0015122	0.00698153	0.00343823	0.0090929	0.0567814	0.0379911	0.0386768	0.549668	0.142225	0.149672
d	0.00128763	0.00168639	0.00235696	0.00472267	0.00189195	0.00839115	0.0152312	0.0439274	0.106278	0.393692	0.23437	0.186165
z	0.000397702	0.000742722	0.00703969	0.0054553	0.00461302	0.0117319	0.0107298	0.021088	0.120048	0.223003	0.238363	0.356788
w	0.00174394	0.00321396	0.0156112	0.00641477	0.0410376	0.0455082	0.0514265	0.110126	0.138746	0.167954	0.242198	0.17602
á	0.00327363	0.00154484	0.00322116	0.00217417	0.0033155	0.0165942	0.0259533	0.0717109	0.134734	0.0786112	0.259236	0.399631
l	0.000431126	0.000323915	0.00439623	0.00107158	0.0034621	0.013292	0.0108579	0.0204052	0.04219	0.213539	0.481082	0.208949
a	0.00111157	0.000556499	0.0023626	0.00225709	0.00261715	0.0153541	0.017102	0.0279132	0.0182192	0.151447	0.250957	0.510103
b	0.000687426	0.000468667	0.000286417	0.00142994	0.000322829	0.00169971	0.00423896	0.0119117	0.0244648	0.240953	0.388985	0.324551
o	0.000581217	0.00100131	0.00128562	0.00735677	0.00118702	0.0107492	0.0396455	0.0320106	0.0723924	0.597141	0.152058	0.0845912
s	0.000953551	0.00336362	0.00184962	0.00441467	0.00467414	0.0150662	0.022296	0.0785142	0.382295	0.112845	0.183993	0.189736
ó	0.000776333	0.00154449	0.00210926	0.00224379	0.001982	0.00582997	0.0060158	0.0444414	0.136603	0.272934	0.171511	0.354009
k	0.00078426	0.000558232	0.000806575	0.00320253	0.00131538	0.00499623	0.0202408	0.0228218	0.0364279	0.239791	0.0839095	0.585146
a	0.00132447	0.00117855	0.000258924	0.00687459	0.00183264	0.00466329	0.0173525	0.0272972	0.00949258	0.350395	0.0442787	0.535051
á	0.000287499	0.000253449	5.98528e-05	0.000758479	0.00105494	0.00107277	0.00454736	0.0101752	0.0256294	0.171102	0.0538318	0.731227
</S>	0.00137228	0.000686927	0.00193352	0.00338448	0.00660525	0.0105995	0.023935	0.0126013	0.00808232	0.0945597	0.0565274	0.779712
