 	c'	était	lui	qui	nous	a	fait	tra	verser	la	rivière	par	pirogue	</S>
é	0.556257	0.0579962	0.129558	0.104003	0.0133056	0.061855	0.0458139	0.00459302	0.00586443	0.0097401	0.005298	0.00275659	0.00256016	0.000399037
d	0.05659	0.563498	0.00972862	0.00491239	0.0014834	0.0913933	0.144109	0.0372955	0.0665108	0.00601719	0.00886301	0.00375344	0.00567797	0.000167233
z	0.0432352	0.677412	0.0200009	0.0139911	0.00177984	0.0545642	0.0929601	0.0646445	0.0143798	0.00721935	0.00134701	0.001361	0.000539864	0.00656516
e	0.17394	0.479003	0.0932528	0.127972	0.00366648	0.046443	0.0430534	0.0102123	0.00788285	0.00437013	0.00145185	0.00324167	5.82991e-05	0.00545293
w	0.092286	0.409022	0.11846	0.0634522	0.0114209	0.0486864	0.0510189	0.0238922	0.00947293	0.0332846	0.0152214	0.0184953	0.00238657	0.1029
á	0.049458	0.0239085	0.213434	0.103133	0.0214899	0.142847	0.139403	0.0189356	0.015669	0.0963942	0.0695456	0.0311342	0.00247422	0.0721738
m	0.0497541	0.0368861	0.109778	0.168177	0.24293	0.173997	0.109932	0.031767	0.0106491	0.0188293	0.010731	0.0109067	0.00580048	0.0198615
o	0.0615954	0.0875217	0.0469831	0.120486	0.200703	0.219338	0.119615	0.124832	0.00193533	0.00327601	0.000616823	0.00288208	0.000118897	0.0100966
r	0.1682	0.0627438	0.04467	0.0330453	0.00272532	0.072718	0.154969	0.394708	0.0222434	0.0141479	0.00823426	0.00873008	0.00109726	0.0117683
o	0.0434293	0.0345179	0.0740613	0.10717	0.000891185	0.0530405	0.209505	0.323748	0.0538488	0.0487934	0.0176224	0.0140377	0.000482571	0.0188519
y	0.0277621	0.0377445	0.126298	0.129823	0.0395027	0.185725	0.240063	0.148599	0.0224171	0.0182974	0.00556651	0.00735507	0.00136866	0.00947874
e	0.074536	0.0544788	0.20018	0.30609	0.0253962	0.166405	0.0866333	0.0393015	0.00513512	0.0125376	0.00557418	0.0104139	0.000114164	0.0132041
e	0.0331554	0.00532323	0.173015	0.254459	0.121992	0.137578	0.0971916	0.0921508	0.0245716	0.0161189	0.00710146	0.0111027	0.00172624	0.0245137
l	0.000989459	0.00428069	0.00161245	0.00127845	0.00244936	0.0282888	0.065055	0.745295	0.120476	0.0103738	0.00605521	0.00289522	0.00155899	0.00939219
a	0.00105289	0.00737289	0.00260552	0.00278729	0.00403615	0.0473049	0.130096	0.585366	0.134386	0.0184837	0.0128584	0.0131042	0.00771219	0.0328338
b	0.00150189	0.00743773	0.0496497	0.0715593	0.0255782	0.0840715	0.166659	0.308531	0.184198	0.0297458	0.0328103	0.0114659	0.00646091	0.02033
h	0.00112763	0.00156296	0.00519736	0.00711225	0.0139832	0.0745732	0.200546	0.174557	0.353948	0.0829457	0.0474552	0.00683013	0.00670149	0.0234603
í	0.00116	0.00420363	0.0212898	0.0563713	0.0323342	0.0376926	0.0953459	0.199915	0.296267	0.0567287	0.0280669	0.00979319	0.0234295	0.137402
s	0.00380333	0.0023969	0.0243118	0.035372	0.113903	0.147942	0.118201	0.0778287	0.206866	0.170323	0.0368345	0.0182656	0.00900726	0.0349452
í	0.00323751	0.00275814	0.00875464	0.0489966	0.0667973	0.0534893	0.0910961	0.118376	0.178763	0.186853	0.0472886	0.0438547	0.00785481	0.14188
b	0.00292387	0.00204336	0.0200512	0.0524578	0.371111	0.0947322	0.0384838	0.0072055	0.0584525	0.262165	0.0381678	0.032964	0.00882058	0.0104209
í	0.000973217	0.000496014	0.000974871	0.00199466	0.726228	0.00933058	0.0087109	0.00647431	0.0539561	0.0522656	0.0271829	0.00529451	0.100595	0.00552375
s	2.08423e-05	9.35858e-06	0.000124621	0.000857101	0.97527	0.00159118	0.00110461	0.000573639	0.000398955	0.0014258	0.000262435	0.000157249	0.0180522	0.000151912
í	0.00323165	0.00333277	0.00535137	0.0252889	0.0434741	0.015458	0.0231815	0.0152142	0.0194355	0.0645201	0.0281719	0.0349974	0.115781	0.602562
n	0.000362037	0.00148108	0.00344545	0.00628652	0.00365073	0.0236259	0.0330162	0.0355877	0.0538713	0.446212	0.151473	0.0596317	0.103392	0.0779647
d	0.00654565	0.00941005	0.0237568	0.0827516	0.0249478	0.0574455	0.073985	0.0237703	0.0132352	0.202053	0.129964	0.125311	0.0407311	0.186094
z	0.00137816	0.00377176	0.00963591	0.0420549	0.0291465	0.0375918	0.0479384	0.0182888	0.0779314	0.437819	0.138155	0.064975	0.0197673	0.0715455
á	0.000556984	0.00430052	0.00592394	0.0121838	0.00233531	0.010315	0.0326538	0.0152267	0.128349	0.294284	0.253618	0.16218	0.00360636	0.0744666
l	0.000539448	0.00276364	0.00627833	0.00435763	0.00099755	0.00697794	0.0193373	0.0239015	0.18811	0.232316	0.236242	0.0473483	0.0885413	0.14229
é	0.000717351	0.00136403	0.00495269	0.0052718	0.00278119	0.0114088	0.0234763	0.010473	0.075934	0.343771	0.401635	0.0508017	0.0157958	0.051617
m	0.00178783	0.00210386	0.00881987	0.00443527	0.00429031	0.0310894	0.0166111	0.012383	0.00988312	0.246389	0.165835	0.314521	0.0507778	0.131072
ó	0.0143667	0.00388777	0.0295762	0.0203715	0.00241671	0.00907909	0.00646203	0.0078263	0.0095205	0.141211	0.0825901	0.311518	0.00368983	0.357485
b	0.000730924	0.000480817	0.0062735	0.00866896	0.00368586	0.00531873	0.00772096	0.00948092	0.0215518	0.095782	0.203462	0.298114	0.213786	0.124945
v	0.000388443	0.000231736	0.0017434	0.00146559	0.00493112	0.00350334	0.00834681	0.00323069	0.0108207	0.030385	0.0747617	0.029452	0.822602	0.008138
á	2.95809e-05	1.11747e-05	7.14104e-05	3.7632e-05	0.000224763	0.000102093	0.000227222	0.000372765	0.00186944	0.00332172	0.0103866	0.00529846	0.976824	0.00122288
r	0.000236442	0.000105869	0.0011281	0.00259935	0.0150987	0.00147674	0.00220349	0.000798481	0.0107695	0.0356259	0.188259	0.109706	0.586576	0.0454169
e	0.00010146	0.000335383	0.00183912	0.0027742	0.0015812	0.00192579	0.00267445	0.00184166	0.00318445	0.079286	0.276002	0.18292	0.139284	0.30625
</S>	5.0878e-05	0.000170285	0.000828944	0.000926004	0.000294688	0.00114747	0.00124307	0.000594149	0.000717848	0.0558889	0.134412	0.418862	0.0415951	0.343269
