 	dans	la	ville	de	boundji	une	gerbe	d'	arachide	coûte	cent	francs	</S>
s	0.480463	0.325384	0.0401761	0.0560675	0.0238146	0.055271	0.00217066	0.012423	0.00121104	0.00067198	0.001594	0.00071197	4.13313e-05
e	0.216753	0.376264	0.200574	0.0634595	0.0685874	0.0139557	0.00306868	0.00521426	0.0167176	0.00163912	0.0275524	0.00218027	0.00403355
b	0.0954562	0.305764	0.225592	0.0316909	0.0596525	0.0189323	0.149083	0.0141795	0.0746803	0.00900299	0.00507474	0.00172986	0.00916146
ω	0.0380482	0.154675	0.0262352	0.15128	0.433087	0.0590445	0.012534	0.0313513	0.011353	0.0188927	0.0154231	0.00731695	0.0407583
n	0.0351387	0.156665	0.0663512	0.21353	0.424718	0.035914	0.0130394	0.01486	0.00444835	0.0144378	0.00606814	0.00150796	0.0133218
g	0.155947	0.331048	0.266699	0.0689574	0.0453428	0.0221722	0.03014	0.0216274	0.020438	0.0129144	0.0094748	0.000892686	0.0143461
ω	0.0658605	0.129898	0.695383	0.0514546	0.0254655	0.00656331	0.00743313	0.00415765	0.00607755	0.000882912	0.00185132	3.52803e-05	0.00493645
e	0.0656661	0.058256	0.170572	0.516978	0.0416258	0.0866391	0.0163908	0.0178247	0.005146	0.00819086	0.0055436	0.000626795	0.00654057
s	0.0359496	0.0578346	0.0964787	0.193074	0.318699	0.137213	0.0759164	0.0230046	0.0122715	0.0185685	0.00865418	0.00316557	0.0191694
a	0.0278155	0.0439474	0.0956829	0.114431	0.163979	0.0961453	0.402058	0.0107809	0.0128217	0.0138223	0.00624403	0.000498188	0.0117742
a	0.0186414	0.0202008	0.0947245	0.163636	0.114594	0.196786	0.188637	0.0221333	0.0238699	0.0283035	0.0207149	0.00182213	0.105937
m	0.00661984	0.00558416	0.0670644	0.293368	0.0628622	0.378842	0.0880849	0.0484926	0.0101577	0.0118339	0.0135777	0.00184278	0.0116699
i	0.0199283	0.0138656	0.0279166	0.127088	0.303962	0.268128	0.0183696	0.0733411	0.0589096	0.0232231	0.0120914	0.00267501	0.0505021
y	0.00393502	0.017173	0.011488	0.0991917	0.274597	0.363351	0.0892301	0.0698049	0.031932	0.0130161	0.00678574	0.00357695	0.0159187
á	0.00264572	0.00510722	0.0275096	0.04074	0.088574	0.16837	0.527748	0.0446275	0.0601584	0.0187515	0.00227729	0.0047288	0.00876184
n	0.00436489	0.0021755	0.0136012	0.0521866	0.0340951	0.316251	0.249376	0.154014	0.0668335	0.0239682	0.0210147	0.00568744	0.0564315
d	0.00132323	0.00483049	0.0781242	0.0631346	0.0415041	0.127316	0.554797	0.0556621	0.0460168	0.0046877	0.0144885	0.000400856	0.00771366
z	0.000242382	0.00103404	0.0838235	0.0220783	0.020544	0.104521	0.532889	0.0428236	0.156721	0.00420463	0.00592377	0.00107556	0.0241186
o	0.000701062	0.0049227	0.132183	0.0419945	0.163204	0.116171	0.231908	0.0603259	0.162822	0.0151146	0.00645067	0.0037803	0.0604226
ó	0.00140067	0.00890278	0.0401395	0.0664751	0.130667	0.197442	0.148433	0.122804	0.0858199	0.0811505	0.0232055	0.00401349	0.0895465
y	0.00145084	0.00313971	0.00654024	0.0557645	0.00906682	0.119993	0.169203	0.41903	0.131805	0.0443986	0.0194452	0.00137462	0.0187889
é	0.00366225	0.00620801	0.0180856	0.0289707	0.00652201	0.0732204	0.377147	0.177152	0.236606	0.0509226	0.00969935	0.00252541	0.00927885
e	0.00222179	0.00213722	0.00577547	0.0210841	0.00257373	0.0372376	0.125032	0.274775	0.278902	0.159322	0.0426361	0.00560569	0.0426974
d	0.000767453	0.00468628	0.00108456	0.00399408	0.00878407	0.00959881	0.152711	0.0827986	0.183071	0.4593	0.0317533	0.0210505	0.0404001
z	0.000646291	0.00268522	0.00113827	0.00651723	0.0028323	0.0148204	0.248622	0.0823784	0.0786727	0.399991	0.0397882	0.0252194	0.0966878
w	0.0022402	0.00341093	0.00339745	0.00954523	0.00333186	0.0357209	0.120097	0.180899	0.336575	0.256467	0.0122968	0.00668788	0.0293315
á	0.011682	0.00354175	0.00551902	0.00549772	0.00657138	0.0139899	0.0315646	0.0821834	0.22208	0.37858	0.0571628	0.0162113	0.165416
i	0.000795444	0.000667931	0.00350906	0.00456664	0.00345318	0.0101602	0.0165794	0.144465	0.237376	0.267871	0.172638	0.0710661	0.0668526
d	0.000234731	0.000465185	0.000299857	0.00053558	0.00216355	0.00137752	0.00506567	0.0174038	0.0630914	0.400698	0.138935	0.199692	0.170037
z	0.000262943	0.00137378	0.000895377	0.00190962	0.00206179	0.00215122	0.0227602	0.00737563	0.0314178	0.567212	0.139465	0.0708904	0.152225
ó	0.000779835	0.000677389	0.000727276	0.00158272	0.00152717	0.00365833	0.00598402	0.0137489	0.0807885	0.600666	0.0433761	0.176964	0.0695207
m	5.97284e-05	0.00012209	0.000151252	0.000708963	0.00135118	0.00303451	0.0179121	0.0162018	0.0248483	0.397038	0.13552	0.216405	0.186647
i	0.000150584	0.000498498	0.000541038	0.00172321	0.00207329	0.00482766	0.00210327	0.0197662	0.0341161	0.451123	0.133949	0.137823	0.211306
í	0.000373495	0.00044458	0.000338109	0.0016401	0.00106265	0.00290494	0.0019465	0.0177702	0.0120188	0.105785	0.324147	0.0609307	0.470637
b	0.00070611	0.00135855	0.000693884	0.00686213	0.00441514	0.00871	0.0182077	0.0152963	0.0131748	0.122923	0.564253	0.111328	0.132071
a	0.000710622	0.00235415	0.000654538	0.00811587	0.00630441	0.00458497	0.00328687	0.0143795	0.00534469	0.151862	0.302661	0.331027	0.168715
a	0.000294642	0.000791889	0.000397973	0.00184456	0.00104418	0.00108246	0.00337141	0.00509143	0.00505754	0.0733469	0.151949	0.29362	0.462108
</S>	0.000436472	0.00067872	0.000590806	0.0025541	0.000741392	0.00302807	0.00289922	0.00865365	0.00810218	0.0850605	0.514778	0.123426	0.249051
