 	dans	certains	villages	on	consomme	le	letsia	mais	nous	n'	en	mangeons	pas	</S>
a	0.658245	0.287372	0.0222907	0.0162186	0.00125116	0.00281961	0.00243579	0.0029339	0.00192103	0.0031069	0.00128544	1.30869e-05	5.99321e-05	4.64662e-05
p	0.0955268	0.193981	0.698414	0.0023808	0.000598713	0.000527871	0.00150842	0.000621656	0.000334153	0.000587752	0.000599957	0.00116346	0.00339575	0.00035963
o	0.0176539	0.0553001	0.879698	0.00680245	0.00873355	0.00481429	0.00571192	0.00677244	0.000940598	0.00343286	0.00188332	0.00172434	0.0036099	0.00292237
o	0.00864533	0.0127173	0.957053	0.00585599	0.00192568	0.00144697	0.00194696	0.00111048	0.000237753	0.00120357	0.00230008	0.00150785	0.00162244	0.00242697
m	0.315267	0.329213	0.21569	0.057546	0.0167135	0.00971533	0.00217534	0.00183616	0.000349422	0.00726135	0.00753089	0.00524292	0.00180258	0.0296566
a	0.31159	0.144361	0.0821279	0.254296	0.0634034	0.0446258	0.00559196	0.0160987	0.00299695	0.034269	0.0198436	0.00223942	0.00270149	0.0158544
n	0.23617	0.4075	0.162016	0.0941047	0.0175665	0.0119626	0.00669037	0.00704101	0.00934627	0.00713209	0.0117911	0.0064707	0.00295078	0.0192585
á	0.0707769	0.787728	0.0219789	0.0267431	0.00807086	0.00483503	0.00253589	0.0251748	0.0351797	0.00278767	0.0021975	0.000228225	0.00143143	0.0103321
m	0.0193852	0.0699751	0.0773395	0.506894	0.111897	0.0696013	0.0107049	0.0119024	0.0168446	0.0160094	0.0339957	0.00905574	0.00870818	0.0376875
á	0.161716	0.19449	0.0311296	0.281146	0.260259	0.0371981	0.00188447	0.00306391	0.00162668	0.0101756	0.0103333	0.00136919	0.000628416	0.00498048
a	0.0712247	0.259009	0.0401985	0.301242	0.132564	0.0568457	0.0256028	0.0124107	0.0209205	0.0208167	0.0254202	0.0041225	0.00859663	0.0210259
d	0.0138011	0.0323695	0.0233113	0.247468	0.561492	0.0546055	0.00969142	0.00448251	0.000689355	0.00316735	0.011896	0.0201455	0.00491296	0.0119676
z	0.00576049	0.00131482	0.0103438	0.148891	0.573131	0.074927	0.0149072	0.00828755	0.000140702	0.0049208	0.00929408	0.0822965	0.0158319	0.0499526
á	0.0140146	0.00517422	0.0432461	0.0565729	0.798905	0.0345907	0.00782965	0.010459	7.6918e-05	0.00385704	0.00191738	0.0154798	0.0019381	0.00593883
á	0.00300204	0.00310434	0.00948099	0.150438	0.265086	0.218157	0.11472	0.0504269	0.0122906	0.0513377	0.0257763	0.0263274	0.0246507	0.0452018
l	0.0153231	0.00902839	0.00153033	0.114414	0.252677	0.298581	0.106946	0.0795083	0.0333663	0.032279	0.0289455	0.0140648	0.00617171	0.00716346
e	0.00606311	0.00189069	0.00316388	0.0461166	0.303001	0.247371	0.0627582	0.0960387	0.00669974	0.0231015	0.0238315	0.0184364	0.0490114	0.112516
t	0.00273656	0.00397897	0.0028666	0.0443098	0.180623	0.301111	0.199962	0.142648	0.0162471	0.0202842	0.0199631	0.0141702	0.0226883	0.0284109
s	0.00150981	0.00161331	0.0188762	0.0343915	0.0905262	0.150384	0.530526	0.087608	0.0033958	0.032752	0.00928353	0.0105873	0.0101694	0.018377
i	0.00017079	0.000157714	0.00456546	0.0248998	0.0208999	0.156083	0.539591	0.0995211	0.00786432	0.0245435	0.0181766	0.0172225	0.0348746	0.0514299
a	0.000981757	0.000627379	0.00160927	0.0409631	0.0534202	0.186488	0.293572	0.0896064	0.00264326	0.0251442	0.012712	0.028377	0.0134788	0.250377
n	0.00196411	0.00194874	0.000392833	0.0244316	0.040258	0.188201	0.1547	0.207254	0.0575075	0.188054	0.088018	0.0147032	0.00428966	0.0282773
d	0.00627369	0.0247323	0.000960336	0.0182635	0.0368643	0.0761388	0.0689751	0.601576	0.0742196	0.0262907	0.0104804	0.00225354	0.00712432	0.0458473
z	0.000627298	0.00545204	0.000777179	0.0057542	0.024702	0.0420337	0.0636657	0.768837	0.0273805	0.00862856	0.00929558	0.00307993	0.00921594	0.0305501
á	0.000188699	0.000860053	0.0032885	0.00800766	0.0889466	0.0839306	0.0503453	0.66564	0.00360533	0.00654563	0.00697462	0.00496581	0.0227848	0.0539162
á	0.000917425	0.000895731	0.0110019	0.0197121	0.0583974	0.0517266	0.0749014	0.197142	0.00152654	0.0189649	0.0155454	0.0371691	0.0403822	0.471718
b	0.000700571	0.00169308	0.000779238	0.0135738	0.0159453	0.0667293	0.118269	0.172971	0.160651	0.292553	0.119615	0.016974	0.00507923	0.0144653
í	0.00232272	0.00222855	0.000462248	0.0211079	0.0108667	0.0870887	0.154017	0.0984452	0.202977	0.205571	0.121054	0.0292198	0.0217901	0.0428497
s	0.000805924	0.00153485	9.04892e-05	0.00848137	0.0047478	0.0379735	0.0991864	0.0980157	0.290201	0.15509	0.137493	0.0493319	0.0194892	0.097559
í	0.0052428	0.00357677	0.000533071	0.00336893	0.0124293	0.0225788	0.0544226	0.416924	0.305791	0.0827992	0.0307937	0.0190351	0.0137194	0.0287851
l	0.000841499	0.000794475	0.000347606	0.00565358	0.00954076	0.0249095	0.0942229	0.223714	0.0933176	0.243155	0.136685	0.0844226	0.0237967	0.0585989
e	0.00176372	0.00215201	0.000740365	0.00800459	0.0220314	0.0319149	0.020992	0.11167	0.101534	0.0958066	0.125948	0.125791	0.0356521	0.315998
d	9.53694e-05	0.000132568	0.000270324	0.00142265	0.00402807	0.0173735	0.0294751	0.0468132	0.00986205	0.0486475	0.134356	0.503778	0.121646	0.0821
í	0.000349406	0.000217531	0.000108295	0.0009906	0.00616078	0.0060057	0.0128467	0.0400804	0.00888346	0.0242584	0.0411756	0.666498	0.0959238	0.0965011
t	0.000691696	0.00027016	3.39011e-05	0.00164567	0.00296179	0.0141687	0.0187319	0.032855	0.0181286	0.0757275	0.124235	0.498559	0.118162	0.0938288
s	0.000352207	0.00033176	0.00101573	0.00149431	0.00206592	0.0155138	0.100629	0.0542023	0.017048	0.0703201	0.0534176	0.371751	0.237	0.0748584
i	0.000255167	7.22317e-05	0.000319779	0.00128419	0.00151865	0.0173942	0.0627935	0.0724756	0.0119648	0.037404	0.0606556	0.200708	0.383658	0.149497
a	0.00125956	0.000340307	0.000142147	0.0018146	0.00226482	0.0146302	0.0270437	0.0189501	0.0125262	0.0266283	0.026987	0.221986	0.168842	0.476585
o	0.000429466	0.000338447	9.15729e-05	0.00478466	0.00403435	0.0140825	0.00596283	0.0253904	0.0490074	0.12333	0.123826	0.158839	0.158995	0.330888
d	0.000139582	0.000230761	0.000331946	0.00153415	0.00440986	0.00345219	0.00126834	0.00149582	0.000128387	0.00225943	0.0192341	0.657832	0.230894	0.0767895
z	1.9702e-05	7.39998e-06	2.1872e-05	0.000274677	0.00129049	0.00101471	0.000423566	0.000507114	0.000125217	0.00117211	0.00575161	0.725531	0.116198	0.147663
á	0.000120962	5.44625e-05	0.000475827	0.000981227	0.0160233	0.0114921	0.00454409	0.0262272	0.00335051	0.0180545	0.0258033	0.660331	0.0932255	0.139316
a	0.000644049	0.000136125	3.35441e-05	0.000987777	0.00120118	0.00541972	0.00745497	0.0318367	0.0286755	0.0448412	0.0366696	0.104607	0.195594	0.541898
k	0.0046254	0.00207825	0.000322349	0.00274114	0.00520254	0.0130259	0.00319804	0.0127021	0.00963193	0.0136709	0.0330792	0.112503	0.405479	0.38174
a	0.00023394	0.000289029	0.000521989	0.00348823	0.00110411	0.00801387	0.0191313	0.00956007	0.00117591	0.0102372	0.017008	0.0616632	0.397584	0.469989
á	0.000272239	0.000221332	0.000914668	0.000774793	0.000382439	0.0029312	0.0149776	0.00905164	0.0027363	0.0142037	0.016166	0.0459532	0.214563	0.676852
</S>	0.000345332	0.00012534	0.000287264	0.00278218	0.00494989	0.00975872	0.00320474	0.00823223	0.00696942	0.0323587	0.0394206	0.0736519	0.217066	0.600848
