 	la	manière	de	voler	de	la	poule	est	différente	de	celle	d'	un	oiseau	</S>
e	0.394073	0.430481	0.0915681	0.0519466	0.0160437	0.0032571	0.00229743	0.000942124	0.00164922	0.00176526	0.000122487	0.000571241	0.000299504	0.00333063	0.00165217
f	0.00131196	0.00163548	0.00550149	0.269271	0.258291	0.0767247	0.351952	0.00151803	0.0234175	0.00303574	0.00315736	0.00101853	0.00209497	0.00101776	5.32305e-05
u	0.00294196	0.00213263	0.00138688	0.118193	0.161256	0.0585875	0.551012	0.00214014	0.0825352	0.00350516	0.00926219	0.0032464	0.00149438	0.00129914	0.00100793
m	0.00275477	0.00105294	0.00247485	0.121552	0.42561	0.156853	0.192924	0.00427891	0.062038	0.00482095	0.0108118	0.00694223	0.00604982	0.00052246	0.001314
b	0.05984	0.01249	0.00654419	0.106796	0.361933	0.315543	0.0407372	0.0082661	0.0249982	0.0103907	0.00306507	0.0138279	0.0145161	0.00899613	0.0120565
ú	0.299936	0.0423107	0.0674728	0.078916	0.216729	0.200663	0.00947142	0.0136459	0.0101079	0.00892648	0.00356186	0.00654009	0.00499879	0.00300722	0.0337131
l	0.00603028	0.00449124	0.0142174	0.0522305	0.106976	0.141633	0.111411	0.0794906	0.0903296	0.0289908	0.0314515	0.0497605	0.0340374	0.00215974	0.24679
ú	0.0605075	0.0811571	0.0882417	0.131436	0.113632	0.0902508	0.0075672	0.0341901	0.0365063	0.0429365	0.0196695	0.0151571	0.0097294	0.00700459	0.262014
y	0.172929	0.176203	0.0724906	0.0959244	0.105473	0.0985687	0.086701	0.0382287	0.0189745	0.0324482	0.0147602	0.0111324	0.00791337	0.00211129	0.0661417
á	0.0850193	0.0814062	0.0885879	0.103016	0.0715806	0.0656126	0.138078	0.0374336	0.0606701	0.0362038	0.0593305	0.0253587	0.0187592	0.00881572	0.120127
t	0.011617	0.0179461	0.061379	0.0820468	0.0841925	0.0900552	0.548505	0.0176347	0.0170994	0.0095553	0.0219803	0.00606504	0.00578651	0.0048233	0.0213138
s	0.00369153	0.00204987	0.0142619	0.125574	0.188987	0.243796	0.345547	0.0273461	0.0284943	0.00299509	0.00870396	0.00284534	0.00137073	0.000749717	0.00358699
ó	0.000604713	0.000573898	0.00747445	0.0513497	0.106903	0.110317	0.660283	0.0164695	0.021953	0.00511003	0.00255579	0.00639742	0.00387985	0.00126856	0.0048601
s	0.00092314	0.00125215	0.0211319	0.040777	0.0774298	0.0989249	0.673793	0.0216716	0.0278346	0.0060425	0.00463914	0.00593304	0.00309964	0.00153765	0.0150101
ó	0.0201623	0.0250447	0.0282102	0.0115328	0.024229	0.0683288	0.281476	0.100653	0.104049	0.048532	0.0707297	0.0338782	0.0218252	0.0203028	0.141046
e	0.0161451	0.0381651	0.218101	0.123428	0.0819768	0.131155	0.117602	0.174367	0.0140089	0.0380365	0.0132044	0.00822145	0.0057361	0.00189366	0.0179596
d	0.00214755	0.00544543	0.0143446	0.0855416	0.126827	0.157025	0.119374	0.15236	0.151337	0.0469675	0.0434826	0.029914	0.00448383	0.00121568	0.0595344
i	0.0165848	0.0341864	0.0083561	0.0411102	0.0340535	0.190979	0.0397251	0.119956	0.0442561	0.0784029	0.185229	0.0417376	0.0112524	0.00138614	0.152784
p	0.0145238	0.00916199	0.0102154	0.0515245	0.0712501	0.2069	0.126429	0.149637	0.095478	0.0950737	0.0524408	0.0623739	0.0180635	0.00163795	0.0352905
é	0.00042344	0.000788986	0.00157724	0.0153413	0.0217765	0.0391844	0.188629	0.0521607	0.601616	0.010193	0.0231807	0.0261377	0.00302572	0.000381738	0.0155836
r	8.32615e-05	7.94281e-05	0.000830496	0.00719079	0.0180509	0.0290653	0.0568305	0.0754302	0.60164	0.0278574	0.0431817	0.042008	0.00741079	0.0015596	0.088782
é	0.00138868	0.00101432	0.00200658	0.00774531	0.0258209	0.0692016	0.172829	0.088862	0.429919	0.0601327	0.0369799	0.0458106	0.0114882	0.00719455	0.0396065
n	0.000492099	0.000592801	0.00458486	0.0111722	0.0219954	0.0439597	0.0194187	0.16798	0.187802	0.253485	0.118846	0.114648	0.0228673	0.00408616	0.0280689
á	0.00369782	0.00594951	0.00861726	0.00432636	0.00912948	0.0351556	0.0122394	0.0846366	0.292142	0.163422	0.201144	0.0660014	0.024762	0.041195	0.0475813
l	0.000357328	0.000538111	0.00256895	0.00370734	0.00537605	0.0136584	0.005499	0.0897759	0.0941195	0.33382	0.210672	0.127987	0.032762	0.0221791	0.0569796
a	0.00491906	0.00920831	0.00431596	0.00685033	0.00656484	0.00961093	0.00187758	0.0323743	0.282519	0.119526	0.178353	0.14442	0.0430988	0.0343818	0.12198
y	0.001095	0.00161106	0.0025708	0.0022297	0.00280338	0.00655374	0.00689557	0.0339207	0.119601	0.191827	0.296289	0.153555	0.0674766	0.0486785	0.0648932
á	0.00215994	0.00449179	0.00376301	0.00614169	0.00385827	0.0101904	0.00528297	0.0108166	0.125537	0.073491	0.597664	0.0611766	0.0306857	0.0354756	0.0292653
n	0.00128839	0.00315862	0.0030352	0.00244932	0.00206567	0.00617071	0.00506342	0.0189068	0.0509055	0.162998	0.411017	0.105971	0.0773195	0.047682	0.101969
y	0.00045196	0.00115792	0.00232195	0.00050857	0.00100536	0.00477099	0.00183677	0.00722626	0.028413	0.0621642	0.26946	0.0335713	0.0399843	0.515855	0.0312717
ω	0.000588407	0.0020016	0.00106265	0.000157965	0.000252929	0.00149842	0.00299189	0.0023156	0.0223168	0.0228621	0.164242	0.0162571	0.0225776	0.719059	0.0218158
s	4.33952e-05	9.36716e-05	0.000285718	0.000432218	0.000540136	0.0015451	0.00268768	0.00334941	0.0244088	0.00823769	0.0403601	0.0188973	0.0152875	0.852632	0.0311994
í	0.00129873	0.000820613	0.000262717	0.000395279	0.000926252	0.00317063	0.00304776	0.0186519	0.231436	0.0549611	0.103765	0.239706	0.0675671	0.0585044	0.215486
</S>	0.00234431	0.0022445	0.00295476	0.00249924	0.00178033	0.00213524	0.000372615	0.0189845	0.013127	0.0559263	0.0431954	0.0854758	0.0875035	0.0132966	0.66816
