 	je	n'	ai	plus	mangé	du	poisson	d'	eau	douce	depuis	que	mon	époux	est	mort	</S>
n	0.942372	0.0300425	0.00332815	0.00528393	0.00114407	0.00168016	0.000718418	0.00209061	0.000765085	0.00743632	0.00124209	0.00158251	0.00216444	3.52638e-05	8.25108e-05	2.22779e-05	1.01212e-05
g	0.961513	0.00576408	0.00966473	0.00272337	0.00105774	0.00213173	0.00086298	0.000340577	0.000374285	0.000783682	0.000245117	0.000483973	0.014003	1.9702e-05	9.33824e-06	2.04826e-05	2.34915e-06
á	0.697643	0.0767894	0.0908671	0.0599937	0.0423014	0.0102803	0.00191083	0.0034401	0.00130374	0.00266979	0.000563382	0.00134159	0.00995235	0.000522352	8.97866e-05	0.000300801	3.02768e-05
l	0.0224284	0.142237	0.28603	0.0935845	0.0135521	0.0207687	0.0104246	0.0179143	0.0177149	0.00798457	0.0135677	0.0271758	0.0529513	0.0140209	0.0494395	0.0174427	0.192763
a	0.219433	0.192478	0.159024	0.0741085	0.0775903	0.0250129	0.0113463	0.0149111	0.0301251	0.00731111	0.00961535	0.01645	0.0292216	0.00786907	0.0270388	0.0135457	0.0849191
l	0.00422758	0.0647468	0.057021	0.108254	0.0620387	0.0448074	0.0291575	0.0375732	0.0367436	0.0602708	0.062845	0.0986991	0.0831984	0.0433208	0.0633713	0.03944	0.104285
a	0.0175334	0.0925197	0.22836	0.220592	0.279506	0.0298879	0.0115244	0.0109439	0.0145229	0.0021377	0.00408893	0.00797257	0.0115068	0.00932051	0.00967385	0.00724004	0.042669
a	0.00710987	0.109188	0.141384	0.242286	0.346698	0.0291331	0.0203309	0.00821069	0.00636944	0.006509	0.0066894	0.01691	0.0280158	0.0132362	0.0051172	0.00537252	0.00743983
n	0.000349731	0.0529566	0.199861	0.319791	0.245204	0.0623401	0.029255	0.00823431	0.0137398	0.00248628	0.00373486	0.00662167	0.00519336	0.00238098	0.0114549	0.00521903	0.0311777
á	0.00618929	0.0169496	0.157203	0.121871	0.568467	0.0297474	0.0196368	0.00620844	0.0074628	0.00214748	0.00379667	0.00682717	0.0446564	0.00126178	0.00165016	0.000568948	0.00535586
l	0.0011535	0.047295	0.185135	0.100052	0.0464467	0.294183	0.152248	0.0355708	0.033866	0.00702168	0.0145333	0.0196315	0.0250486	0.00282041	0.0117686	0.00276869	0.0204587
a	0.000356827	0.0147442	0.0461978	0.167523	0.168131	0.251501	0.102175	0.0564673	0.0210847	0.0253851	0.0155649	0.0249225	0.015011	0.00696203	0.0143101	0.0150297	0.0546331
a	0.000296613	0.0170294	0.0112464	0.01843	0.0339966	0.30942	0.295484	0.117557	0.0525787	0.0315365	0.0297567	0.0213491	0.00546883	0.0162994	0.0128352	0.00858025	0.0181353
s	5.06454e-05	0.0068446	0.028531	0.0814184	0.0984578	0.33773	0.148603	0.171266	0.0533521	0.0165415	0.00751169	0.00525464	0.00260798	0.0153076	0.00763172	0.00858996	0.0103015
w	0.000134662	0.0012666	0.0140428	0.0242529	0.466379	0.212568	0.176867	0.0433295	0.0150445	0.0061708	0.00413142	0.00245168	0.00280397	0.0171007	0.00122583	0.00366595	0.00856501
é	0.000678072	0.00220748	0.00753521	0.00914272	0.267634	0.173924	0.360493	0.0859161	0.0303606	0.0172159	0.017046	0.00525769	0.00261632	0.0141832	0.00114507	0.00173625	0.00290866
b	9.20581e-06	0.00175741	0.0192794	0.0243925	0.0118328	0.159196	0.267184	0.213072	0.10654	0.0846862	0.0237811	0.0116835	0.00757208	0.0102765	0.0117153	0.0124943	0.0345285
í	0.000147031	0.000499994	0.00281823	0.00732509	0.000785638	0.0416586	0.0580709	0.200709	0.132108	0.259303	0.149604	0.0834764	0.0286503	0.00692953	0.00559111	0.00569961	0.0166232
k	0.000418167	0.000184932	0.00224665	0.00102264	0.000176684	0.0125256	0.032674	0.123033	0.241149	0.319131	0.134369	0.0749389	0.0291199	0.000848324	0.00493474	0.00325245	0.0199751
ω	3.94569e-05	0.000144535	0.000248972	0.00118702	8.9659e-05	0.00776147	0.00641233	0.141831	0.0460933	0.723038	0.0321451	0.0133399	0.00265336	0.00704252	0.00117134	0.00502361	0.0117777
n	1.03676e-05	4.10242e-05	0.00078688	0.00254853	9.78369e-05	0.00991617	0.00393233	0.0978591	0.0521617	0.721788	0.0397368	0.0196836	0.0057308	0.0093051	0.00404751	0.00627815	0.0260756
y	8.20081e-05	0.000444602	0.00333602	0.0134569	0.00319489	0.0499384	0.0293492	0.210041	0.101083	0.462859	0.0424442	0.0221404	0.0113521	0.00678041	0.00770205	0.00441308	0.0313831
i	9.00996e-05	0.000254534	0.000653431	0.00352243	0.00179652	0.0702344	0.0892042	0.210444	0.108198	0.321247	0.0526928	0.0124866	0.00390731	0.00669602	0.00468818	0.00359669	0.110288
l	3.21122e-05	0.000821734	0.00136008	0.00217173	0.000190189	0.0131329	0.0256619	0.111973	0.23784	0.148942	0.260287	0.119633	0.0405886	0.00596086	0.00985362	0.00121961	0.0203312
a	0.000534794	0.000873964	0.00567214	0.00364956	0.000530616	0.0157241	0.0307932	0.0697204	0.141909	0.140854	0.157911	0.150177	0.117995	0.0160987	0.0239517	0.0148999	0.108705
a	0.000425662	0.000520805	0.00116112	0.000193975	9.42364e-05	0.00238077	0.0112662	0.016799	0.0759207	0.0985802	0.279843	0.258314	0.199962	0.0250194	0.0149331	0.0037614	0.010825
w	0.000329022	0.00357813	0.020135	0.00806598	0.0045091	0.0179738	0.0130283	0.0312286	0.0886842	0.025421	0.0493345	0.109766	0.170218	0.376844	0.0471421	0.0187344	0.0150081
á	0.00022692	0.00201129	0.0179392	0.0044193	0.000537502	0.0130404	0.0173577	0.0367289	0.0749227	0.0612462	0.045077	0.104648	0.0615787	0.316409	0.0583817	0.057484	0.127991
á	7.64461e-05	0.000200194	0.000630999	0.000581144	0.000226918	0.00341953	0.0153224	0.0214093	0.0726582	0.165807	0.180324	0.214828	0.0784994	0.0573664	0.0162739	0.0254748	0.146902
l	0.000531902	0.00171159	0.00502257	0.00164431	0.00142872	0.00349379	0.0091987	0.00703394	0.0325258	0.015881	0.102444	0.246654	0.439125	0.0635111	0.0523502	0.00701604	0.0104274
í	0.00104297	0.00137317	0.00666388	0.000729159	0.000809905	0.00508954	0.00703706	0.00897301	0.032845	0.0195026	0.0705502	0.222066	0.236501	0.0937559	0.0509942	0.0312207	0.210846
n	0.000528046	0.000454112	0.00107093	0.000205527	6.53429e-05	0.00123048	0.00523981	0.00528446	0.0283038	0.0444089	0.169791	0.246515	0.286372	0.0955753	0.0586061	0.0271925	0.0291569
g	0.00314747	4.70933e-05	0.000359534	5.69409e-05	0.000142548	0.000550578	0.00155876	0.00220328	0.00984838	0.0131452	0.0352879	0.109217	0.800137	0.00655415	0.00419638	0.00252448	0.0110231
á	0.00139917	0.000208823	0.00164287	0.00033912	0.000569168	0.000879393	0.00159651	0.00402146	0.01723	0.0399021	0.0340699	0.0644425	0.703959	0.091883	0.0110608	0.00932843	0.0174675
o	2.14774e-05	0.000141664	0.000241126	0.000157116	3.4572e-05	0.00158042	0.00273127	0.00790575	0.0214771	0.0279968	0.148842	0.241189	0.251629	0.0441775	0.202235	0.0195296	0.0301106
l	8.76882e-07	0.000181471	0.000287697	0.00112079	0.000741353	0.00312368	0.000725321	0.00301306	0.00247527	0.00267447	0.00282844	0.00650908	0.0129783	0.706765	0.0777365	0.160688	0.0181514
ó	7.23919e-07	0.000343779	0.00288822	0.00419398	0.00124076	0.00466458	0.00151294	0.00134991	0.00162003	0.00220141	0.000449749	0.00348615	0.0310651	0.54318	0.0277708	0.303252	0.0707801
m	2.12565e-06	0.000197378	0.000738318	0.00123753	0.000558632	0.00498663	0.00381759	0.00215415	0.0027322	0.0119273	0.00162431	0.00367174	0.0110203	0.798383	0.0268051	0.0793166	0.050827
i	3.88452e-07	1.08944e-05	2.79819e-05	0.000267804	0.000703924	0.00845479	0.0098773	0.0150408	0.0176117	0.0207222	0.0140063	0.0115606	0.0135	0.484782	0.103941	0.167972	0.131521
</S>	0.000152985	0.000447793	0.00166446	0.000348529	2.10804e-05	0.0022653	0.00393122	0.0053309	0.0133668	0.0133616	0.051941	0.0929229	0.0664976	0.028668	0.368857	0.102992	0.247231
