 	ce	qui	fait	le	rythme	dans	la	danse	ikango	c'	est	le	son	doux	et	lourd	produit	en	battant	les	mains	</S>
i	0.522604	0.282316	0.0790955	0.0364502	0.0155619	0.0125846	0.00393364	0.0042286	0.000629684	0.000650299	0.000383227	0.00310648	0.0070014	0.00266704	0.0139754	0.00501349	0.00327213	0.00148394	0.00209788	0.00272531	0.000182422	3.61301e-05
k	0.161281	0.485666	0.0678305	0.0179556	0.0526516	0.011799	0.00261314	0.00139805	0.00103401	0.000474177	0.000731891	0.00566459	0.00950476	0.0683263	0.102363	0.00254151	0.00233999	0.000741534	0.00121229	0.00108022	0.000680873	0.00211062
a	0.174983	0.0474195	0.109752	0.0455553	0.115019	0.0139183	0.00605941	0.00382791	0.00235665	0.00668255	0.00686247	0.02469	0.0239879	0.132641	0.062848	0.124769	0.0306923	0.0146536	0.0115469	0.0103649	0.0265483	0.00482188
n	0.04492	0.0517854	0.310062	0.0698432	0.107254	0.025058	0.00405711	0.00184969	0.000604902	0.0014839	0.00154556	0.0117841	0.0241871	0.133696	0.0667025	0.0574005	0.025807	0.0142348	0.0102783	0.012982	0.0091722	0.015292
g	0.450943	0.216432	0.134688	0.036609	0.051202	0.00993668	0.00319284	0.00240575	0.000543119	0.000611214	0.000864412	0.00642042	0.0133376	0.0234204	0.0165517	0.0109087	0.00465019	0.00541759	0.0020637	0.00223802	0.0012235	0.00633937
o	0.31599	0.276858	0.220062	0.0606787	0.101957	0.00378132	0.00149835	0.00120991	6.64393e-05	6.03031e-05	9.25517e-05	0.00148043	0.00450574	0.00135938	0.00107105	0.000440846	0.000230766	0.000964587	0.000167635	0.00138876	0.000324447	0.00581136
b	0.0417727	0.0347151	0.369197	0.2594	0.215728	0.0458447	0.0132998	0.00427917	0.000622818	0.000397057	0.000553297	0.00112684	0.00134339	0.0012607	0.000822667	0.00041474	0.00109993	0.0011625	0.000870122	0.00095284	0.000329378	0.00480756
á	0.173816	0.051931	0.0842031	0.151638	0.152956	0.084364	0.0445233	0.0147876	0.00503642	0.00532238	0.010058	0.0109064	0.0110681	0.00338202	0.00334113	0.00732777	0.0124169	0.0290284	0.0382026	0.0221793	0.0339246	0.0495876
a	0.0697949	0.0458503	0.241879	0.209205	0.107245	0.158581	0.047115	0.00605598	0.00132074	0.00214351	0.00399365	0.00421908	0.00692194	0.00642786	0.00559887	0.00359048	0.00570634	0.0119458	0.0157946	0.00868482	0.00609637	0.0318306
s	0.0124286	0.00826745	0.12452	0.249003	0.0796387	0.20445	0.0948227	0.0174094	0.0165529	0.0069595	0.00650998	0.00912871	0.00663872	0.013799	0.00594523	0.0198459	0.00602261	0.00735433	0.00614966	0.00289999	0.00281835	0.0988361
é	0.0172284	0.0219261	0.0413775	0.132586	0.162112	0.235224	0.0882073	0.0267912	0.0247974	0.00830772	0.0111349	0.0284553	0.0253239	0.0360274	0.00961538	0.0147806	0.00412255	0.00364128	0.00143512	0.00282446	0.0018341	0.102248
á	0.00769049	0.00268452	0.021299	0.0834141	0.253571	0.279702	0.111785	0.0724753	0.0118991	0.00389404	0.00698364	0.0158272	0.00914138	0.0581181	0.0103125	0.00462684	0.0045904	0.00144804	0.000775857	0.000344523	0.00052581	0.0388903
m	0.00636995	0.00227816	0.0147043	0.031937	0.00728206	0.0630948	0.217381	0.250491	0.0977501	0.0634551	0.0516033	0.0409851	0.0289803	0.0325065	0.0165701	0.0193673	0.00858996	0.0133042	0.0107276	0.009823	0.00251769	0.0102817
á	0.035478	0.00315608	0.00797429	0.0178907	0.00599589	0.0061437	0.0314394	0.0668096	0.444797	0.128322	0.0477907	0.029775	0.0314755	0.0172359	0.00263995	0.011733	0.00901647	0.0671151	0.00411269	0.00639428	0.00387714	0.0208271
b	0.0133278	0.00267986	0.00669805	0.0111081	0.0097971	0.00976474	0.026193	0.103872	0.0616164	0.0479256	0.0318712	0.0974235	0.086407	0.134548	0.15284	0.0943304	0.0310904	0.0268079	0.0124651	0.0182243	0.0130192	0.00799027
v	0.00519242	0.00224441	0.00212036	0.00293814	0.00502263	0.0059536	0.0138166	0.0557977	0.023447	0.0231447	0.0117683	0.0214611	0.0167052	0.102214	0.239361	0.324356	0.0620908	0.0343015	0.0190751	0.00667208	0.0208322	0.00148443
ú	0.000250167	2.362e-05	0.000471273	0.00137513	0.00073232	0.00183297	0.00404645	0.0317408	0.009718	0.0166744	0.0204709	0.0249039	0.0120447	0.034938	0.0684179	0.658823	0.0281717	0.0241025	0.0418527	0.00869294	0.00957526	0.00114117
l	0.00238501	0.00034982	0.000567205	0.00157033	0.00312845	0.0149998	0.0402915	0.043536	0.0453612	0.0570093	0.0505396	0.0813928	0.066216	0.207457	0.161113	0.176224	0.029728	0.00520344	0.00862583	0.00091548	0.00202934	0.00135663
a	0.00329917	0.000869677	0.0026022	0.00368152	0.00488079	0.0154143	0.0788128	0.222206	0.084123	0.0400288	0.0363263	0.0784555	0.0996416	0.14697	0.0685823	0.0494634	0.0268581	0.0170738	0.00718494	0.00243128	0.0010241	0.0100708
b	0.00216597	0.000425013	0.00466743	0.00399888	0.00129643	0.00402053	0.0188197	0.074501	0.0881469	0.0784967	0.0914855	0.0838406	0.119246	0.092807	0.0387458	0.0347315	0.0988246	0.0401071	0.0697921	0.023067	0.00519616	0.0256183
v	0.00617368	0.00211715	0.00442844	0.00564152	0.0033305	0.00800281	0.0078793	0.0108279	0.00598	0.0159071	0.0159237	0.0329703	0.0862517	0.0788535	0.117461	0.104806	0.0892076	0.140898	0.153366	0.0546002	0.0358439	0.0195298
ú	0.00252138	0.000150779	0.000643932	0.0018546	0.00260126	0.00428713	0.00479404	0.0151247	0.00332635	0.013197	0.0300027	0.101315	0.100479	0.110878	0.141682	0.183603	0.0710023	0.0553667	0.105518	0.0201034	0.0160109	0.0155386
</S>	0.000479551	0.000128185	0.000576623	0.00104757	0.000710125	0.00175756	0.00649046	0.0125096	0.0229211	0.0392928	0.0656354	0.1218	0.160478	0.180529	0.0605796	0.0937816	0.112694	0.0431211	0.0498523	0.00817461	0.00492888	0.0125113
