 	mon	fils	est	tenu	responsable	pour	tout	ce	qui	se	perd	dans	ce	village	</S>
b	0.284388	0.309965	0.106718	0.123955	0.0404449	0.060558	0.0286995	0.0101152	0.00691122	0.0106758	0.00604348	0.00337117	0.00659869	0.00121386	0.000341698
e	0.0866274	0.601176	0.133898	0.0330075	0.0705715	0.0261573	0.00900779	0.00497934	0.0101248	0.00848142	0.00459679	0.00234221	0.00846536	1.22098e-05	0.000552057
a	0.0186063	0.380416	0.171397	0.14881	0.0978046	0.0762939	0.0193723	0.0109583	0.0131795	0.0296764	0.0259087	0.00296598	0.00161335	5.41242e-05	0.00294411
í	0.0607891	0.393067	0.259806	0.0693408	0.0432035	0.0217314	0.00794132	0.00607596	0.0106907	0.0140674	0.0111646	0.0153928	0.00494258	0.000219709	0.0815669
t	0.116726	0.115097	0.34657	0.199917	0.0212443	0.0205917	0.00990191	0.00768951	0.0100696	0.022703	0.0484626	0.0421122	0.0105651	0.00189028	0.0264603
s	0.00320594	0.0280445	0.280058	0.533594	0.0230653	0.0197014	0.0208854	0.0136204	0.00804045	0.0158855	0.0234788	0.0104521	0.00458779	0.00392083	0.0114592
ω	0.0270664	0.0843291	0.130282	0.548325	0.0430889	0.0357103	0.0250697	0.0167789	0.00952701	0.0206771	0.0255998	0.0149639	0.00600745	0.0016344	0.0109406
b	0.140221	0.0443472	0.264927	0.299325	0.127742	0.0292144	0.0152368	0.00947894	0.012235	0.0117752	0.005516	0.00560413	0.00350029	0.00101775	0.0298579
í	0.0519564	0.0502788	0.0436895	0.431186	0.230348	0.0859692	0.0393873	0.0102421	0.00365753	0.00911582	0.0185791	0.00622631	0.00596703	0.000665576	0.0127306
í	0.0376317	0.035787	0.0891132	0.30308	0.269551	0.1005	0.0382048	0.00973965	0.00766431	0.0172243	0.0279066	0.0112156	0.00690729	0.000473705	0.0450002
l	0.00452698	0.00462887	0.101773	0.13732	0.351767	0.133647	0.0443499	0.0159514	0.0206365	0.0301191	0.0380344	0.049727	0.0186277	0.00048266	0.0484078
é	0.00281372	0.00171726	0.0494822	0.0395529	0.0733024	0.144922	0.164336	0.0484588	0.0475617	0.0446752	0.0360962	0.0938815	0.0494494	0.000960788	0.20279
m	0.016424	0.00351824	0.0426705	0.0372683	0.229649	0.203805	0.204096	0.0925399	0.0407641	0.0221252	0.0178718	0.0341946	0.0149833	0.00126936	0.038821
b	0.004324	0.0385052	0.015695	0.0235823	0.166496	0.179897	0.123036	0.161085	0.124703	0.0538651	0.0621471	0.0195272	0.00194059	0.00117397	0.0240232
á	0.000987377	0.0639394	0.0137353	0.0501259	0.0398494	0.0604234	0.107108	0.244708	0.124609	0.071608	0.152515	0.0222007	0.00384734	0.00132943	0.0430126
s	0.00797781	0.00402792	0.012538	0.0564208	0.215158	0.164434	0.0951335	0.0597849	0.0236527	0.0385182	0.0979941	0.0289277	0.00742392	0.000537534	0.18747
á	0.0198465	0.00427104	0.028152	0.048381	0.0675246	0.249193	0.26582	0.0970964	0.0366283	0.0330422	0.0365491	0.0313172	0.0139585	0.000335961	0.0678837
p	0.00546739	0.00212863	0.00645768	0.0107872	0.037815	0.104791	0.222103	0.346246	0.107969	0.0745793	0.0303696	0.0183875	0.0130595	0.00786711	0.0119724
o	0.00147381	0.00120905	0.0128975	0.0561998	0.0263776	0.133575	0.28288	0.19881	0.0258283	0.0417508	0.0239095	0.010237	0.00272673	0.156885	0.0252393
o	0.00113132	0.000371309	0.00427193	0.019776	0.0107956	0.0397793	0.187726	0.429888	0.0767576	0.0691195	0.0186884	0.00657479	0.00151636	0.118576	0.0150291
y	0.0003369	0.000122552	0.00538389	0.00439451	0.00662471	0.0258764	0.0506369	0.125299	0.284281	0.27716	0.0774036	0.0977986	0.0232793	0.00121266	0.0201905
é	0.0144688	0.00156214	0.0213684	0.00529032	0.0177488	0.0385798	0.0973896	0.305889	0.28561	0.119613	0.0176965	0.0354713	0.0207125	0.0041483	0.014451
á	0.00134849	0.000227051	0.00511973	0.00193199	0.0206326	0.0526263	0.0758768	0.162876	0.257533	0.199407	0.0663155	0.059679	0.0470448	0.00464053	0.0447407
b	0.000869353	0.000228676	0.00450778	0.00632213	0.00842324	0.00878782	0.0082491	0.0160569	0.0351876	0.0993128	0.375326	0.329781	0.0593268	0.0131004	0.0345208
h	3.9442e-05	0.000938902	0.00903812	0.0177595	0.0192373	0.012732	0.0137314	0.0130322	0.0285404	0.172579	0.502289	0.162279	0.0232616	0.00156094	0.022981
e	5.61101e-05	0.000208702	0.00116244	0.0161157	0.00857803	0.0160302	0.014789	0.016877	0.0141039	0.121438	0.651583	0.0975344	0.00902157	0.00146556	0.0310359
á	0.000116732	0.000214116	0.000741929	0.00145533	0.00387279	0.00820457	0.0108507	0.0351947	0.0656742	0.155659	0.321729	0.221569	0.0389326	0.00952698	0.126258
b	0.00159624	0.00037857	0.00206179	0.00244264	0.007645	0.00864831	0.00732637	0.0151354	0.0387997	0.103762	0.211343	0.304693	0.244325	0.0217076	0.0301356
á	0.00114868	0.00120593	0.00414171	0.0106516	0.170228	0.05356	0.0171301	0.0079068	0.0168174	0.105248	0.429217	0.103486	0.0488301	0.0015117	0.0289166
a	0.00286556	0.000430212	0.00491009	0.00714034	0.184631	0.0471943	0.0333809	0.023958	0.0371868	0.184674	0.190514	0.138912	0.0859771	0.00897807	0.0492474
y	8.23288e-05	9.90296e-05	0.00144047	0.00218487	0.00142101	0.00247965	0.00271322	0.0045389	0.0138737	0.0588323	0.289328	0.407156	0.11445	0.0224346	0.0789655
í	0.000211589	0.000333837	0.00143568	0.00115217	0.000767161	0.00141782	0.00462238	0.0209429	0.0238642	0.0252143	0.130293	0.52736	0.119332	0.0529126	0.0901402
n	4.28662e-05	6.15899e-05	0.000311663	0.000212862	0.000456588	0.00130306	0.00293787	0.0182685	0.0333538	0.035434	0.101224	0.579169	0.111103	0.0169494	0.0991726
d	0.000755689	0.000118897	0.00107579	0.000709856	0.00156709	0.00422558	0.00944286	0.0211081	0.0558825	0.105284	0.0854062	0.242912	0.192103	0.0632648	0.216142
z	0.000260866	0.000132154	0.00227346	0.000949694	0.00169507	0.00659742	0.0182109	0.0382004	0.0559243	0.0681624	0.0598967	0.154554	0.171672	0.130084	0.291387
á	9.4646e-05	0.000120862	0.00119908	0.00182723	0.00073405	0.00620987	0.0226256	0.0320496	0.0299277	0.055931	0.0405348	0.0621401	0.0855856	0.325352	0.335668
m	0.000404699	7.54689e-05	0.0011216	0.00105845	0.00175532	0.00456147	0.0081636	0.016306	0.0353617	0.0666281	0.0355678	0.0912825	0.11133	0.0747789	0.551604
ó	0.000627636	0.00208056	0.0012206	0.001546	0.0059906	0.0104811	0.0121213	0.0312176	0.0795595	0.0917916	0.0541396	0.129383	0.269876	0.0219398	0.288025
m	0.000818094	0.000364623	0.00216413	0.00209647	0.0165543	0.0184767	0.0134568	0.0122565	0.0176014	0.0250275	0.0170945	0.0972302	0.180394	0.359065	0.2374
w	0.000100437	0.00493446	0.00626199	0.00465767	0.0181186	0.0280668	0.0190275	0.0426478	0.146487	0.0950653	0.0597473	0.173415	0.140406	0.0812153	0.179848
á	0.00416806	0.0410313	0.00125779	0.000464482	0.0187658	0.0061343	0.00512977	0.0186952	0.0697271	0.0464537	0.0787357	0.0668038	0.0434596	0.453288	0.145886
n	0.000468205	0.000432782	0.00036106	0.00124488	0.00605614	0.00322661	0.00233665	0.0116177	0.0265458	0.0590053	0.183528	0.171013	0.183233	0.0415712	0.30936
a	0.00335757	0.00919336	0.0021925	0.00151027	0.00546011	0.00848113	0.00667968	0.0363062	0.0559211	0.0419879	0.109532	0.145771	0.21898	0.0191688	0.335458
y	0.0019776	0.000117967	0.00223536	0.00188225	0.00157779	0.00250178	0.00622223	0.00952269	0.0115326	0.0186878	0.015366	0.0867129	0.0947237	0.105287	0.641652
a	0.00127192	0.000689114	0.0151998	0.00439263	0.0114966	0.0208475	0.036122	0.0607347	0.0592415	0.0278827	0.00823261	0.0922087	0.223	0.143825	0.294856
n	0.00178021	0.000296527	0.00320081	0.000999067	0.0229497	0.0236267	0.0240475	0.0483012	0.0406307	0.0174398	0.00476555	0.0816083	0.298191	0.124967	0.307195
g	0.0161276	0.00128837	0.0015247	0.000421565	0.01316	0.00710037	0.00900206	0.0177958	0.0266719	0.0132871	0.0121441	0.0846027	0.196889	0.0383015	0.561683
á	0.0344219	0.00825591	0.00216053	0.000409153	0.00376912	0.00480643	0.00885364	0.0204214	0.0259274	0.0115896	0.00428216	0.0417872	0.137972	0.0363153	0.659028
</S>	0.000669441	6.77863e-05	0.000908645	0.000916766	0.00492644	0.00574546	0.00755483	0.00991691	0.0180171	0.0295047	0.0069555	0.0479473	0.200572	0.130726	0.535572
