 	l'	herbe	qui	pousse	le	plus	dans	un	terrain	favorable	à	la	cul-	ture	de	l'	arachide	est	le	chiendent	</S>
i	0.28513	0.286509	0.112333	0.0812606	0.0534943	0.0441772	0.0546462	0.0224394	0.0130071	0.0226658	0.00145001	0.00359177	0.00108195	0.00140065	0.00449767	0.00219189	0.00130841	0.00127644	0.00603571	0.000767494	0.00073522
s	0.0205825	0.643698	0.0292681	0.0216889	0.0755499	0.0202016	0.0494139	0.0418833	0.0157197	0.0030831	0.00271583	0.00627957	0.00483447	0.000921774	0.0111514	0.0056885	0.00282098	0.00154686	0.00700123	0.0347731	0.00117689
i	0.0152561	0.513552	0.119578	0.0230995	0.179583	0.018187	0.0424184	0.0244371	0.016782	0.00128815	0.00180465	0.00346665	0.0188432	0.00166196	0.00264212	0.00300259	0.0067656	0.000712357	0.000551813	0.00229905	0.00406827
m	0.0226641	0.282468	0.439765	0.0619405	0.104794	0.00948164	0.0153959	0.00599199	0.00467897	0.000222307	0.000839171	0.00263281	0.00547161	0.00262984	0.00187101	0.00105438	0.00326855	0.000932911	0.00113431	0.00448178	0.0282813
i	0.228173	0.272843	0.268595	0.0538105	0.110869	0.0302205	0.0193308	0.00270326	0.0016296	0.000702412	0.000997947	0.000735842	0.000423538	0.000301457	0.000939031	0.000954311	0.000157601	0.000403521	0.00017505	0.000111327	0.00592302
l	0.049886	0.0411629	0.0663238	0.135924	0.266601	0.114129	0.148203	0.0520876	0.0193211	0.01398	0.0117503	0.00617941	0.00595629	0.00560379	0.00513407	0.00284043	0.00133707	0.00381461	0.00217498	0.000769891	0.0468201
í	0.0320258	0.017881	0.0348089	0.0663819	0.0929506	0.0590636	0.0321383	0.0494644	0.114685	0.0895711	0.0353823	0.0136217	0.0378469	0.0108887	0.0249714	0.0299688	0.00565768	0.0134897	0.0150586	0.00592787	0.218216
i	0.0307733	0.0230605	0.122039	0.123282	0.169332	0.107734	0.110822	0.104979	0.0614016	0.028404	0.0158446	0.0143386	0.0171143	0.0133303	0.00892814	0.0061492	0.00543828	0.00276338	0.0126836	0.00289809	0.0186846
p	0.00341637	0.00787385	0.00309688	0.0160567	0.0601127	0.0390038	0.0415914	0.0896016	0.420867	0.0887139	0.0245391	0.0165414	0.0285576	0.0256639	0.00730643	0.00619375	0.0198981	0.00924737	0.00634909	0.0331694	0.0521997
é	0.00081423	0.00135734	0.00058163	0.00202152	0.0112107	0.00935007	0.00690389	0.0358949	0.818712	0.0443086	0.00571948	0.0045713	0.00635865	0.0178506	0.00311826	0.00138752	0.0100427	0.00186686	0.000534529	0.00771888	0.00967624
n	0.000654853	0.00331614	0.00682285	0.0165772	0.0294162	0.0454327	0.040739	0.154299	0.533025	0.0657665	0.0127921	0.0134552	0.00779167	0.0299734	0.0106293	0.00360788	0.00954021	0.00257675	0.00222953	0.00552137	0.00583231
d	0.0045771	0.00749598	0.00649099	0.0165889	0.0302048	0.0604114	0.0300327	0.111569	0.451479	0.121175	0.0141955	0.0146781	0.0230283	0.0259256	0.0193163	0.0160808	0.0119044	0.00524546	0.0056992	0.00292989	0.0209716
á	0.0101517	0.0173252	0.0166597	0.0320314	0.0266522	0.0311895	0.0119953	0.0572538	0.419269	0.0695154	0.0110716	0.0137823	0.0737537	0.0258624	0.0150942	0.0184752	0.0394236	0.00244836	0.00688306	0.0223248	0.0788373
o	0.00511686	0.00161703	0.00751395	0.0241899	0.028934	0.0983035	0.108081	0.100223	0.0257777	0.155646	0.184834	0.0858204	0.0330758	0.0328919	0.0403125	0.0297441	0.0159593	0.0057378	0.00975861	0.000862251	0.00560055
t	0.00446207	0.00944911	0.00402027	0.00370508	0.0122941	0.0131089	0.0250004	0.0774012	0.13538	0.158947	0.0803725	0.109926	0.108448	0.0746613	0.0197308	0.0153807	0.113829	0.013629	0.00510293	0.0106914	0.00445953
ω	0.000642858	0.00419539	0.00187844	0.0017919	0.00368078	0.00568932	0.00401566	0.0495303	0.313853	0.12121	0.0300327	0.0610753	0.0570318	0.175544	0.0112642	0.00600969	0.120369	0.01125	0.00202332	0.0131473	0.00576505
ω	0.000159639	0.00052223	0.0019248	0.00474842	0.00787546	0.0193757	0.0125928	0.0725762	0.0752235	0.242817	0.0227429	0.0279185	0.0570189	0.291175	0.0237395	0.00779989	0.069707	0.00601374	0.010583	0.0263012	0.0191852
o	0.00158861	0.000785925	0.00141554	0.00127102	0.00288093	0.00778349	0.0143038	0.0152573	0.00201217	0.0295836	0.160298	0.165425	0.0950521	0.0644434	0.173311	0.157515	0.0373602	0.0323955	0.0339553	0.00094719	0.00241564
y	0.00678037	0.0099662	0.00605124	0.00129964	0.0052114	0.00256068	0.00629931	0.00404549	0.000383918	0.00232563	0.0379775	0.149803	0.118865	0.0286042	0.06285	0.106292	0.205453	0.123201	0.0714184	0.0398653	0.0107454
í	0.00332677	0.00487373	0.0107759	0.000466962	0.00172516	0.000656749	0.00237976	0.00200325	0.000735981	0.000232802	0.0312325	0.0878275	0.444452	0.0217498	0.0252644	0.0675083	0.245494	0.00640209	0.0191437	0.0174289	0.00632017
í	0.00117019	0.000906229	0.0048223	0.000807334	0.0024226	0.00325706	0.00858765	0.0105172	0.00221716	0.00281964	0.074318	0.154368	0.406608	0.0462064	0.0412804	0.073454	0.101461	0.0128816	0.0229437	0.0105187	0.0184337
o	0.000703157	0.000292679	0.000775656	0.00114454	0.00189185	0.0027646	0.00334078	0.00393716	0.000495407	0.00795951	0.0707205	0.0655375	0.0576476	0.033036	0.105904	0.195629	0.053775	0.13035	0.229485	0.0098196	0.0247897
n	0.00210985	0.0060051	0.00383449	0.000830593	0.00380004	0.00118526	0.00278726	0.00212783	0.000503566	0.000902626	0.00769154	0.0502159	0.0796082	0.0139232	0.0371115	0.0540873	0.176028	0.134302	0.142567	0.259008	0.0213704
d	0.00144244	0.0106377	0.00419363	0.000530986	0.000947092	0.000434564	0.000398082	0.000601021	0.000258538	7.91662e-05	0.0024337	0.015494	0.147387	0.00658022	0.0526251	0.135764	0.294997	0.0200792	0.0510153	0.206429	0.0476725
ω	0.000173275	0.000955019	0.000690027	0.000206198	0.000445991	0.000267434	0.000197595	0.000671631	0.000611079	0.000231668	0.00215835	0.00928869	0.0508587	0.0229338	0.0412127	0.0585223	0.182299	0.040448	0.0818517	0.451915	0.0540619
n	1.36822e-05	0.000142458	0.000189184	7.96386e-05	0.000204086	0.000221832	0.000212442	0.00125258	0.00101223	0.000559008	0.00104472	0.00347015	0.0640495	0.0437925	0.0190899	0.0223646	0.288465	0.00849807	0.0341548	0.471379	0.039805
g	0.000383927	0.00115327	0.000315481	0.000186169	0.000383195	0.00038755	0.000301623	0.00112401	0.0012605	0.00288049	0.00244231	0.0063008	0.0346344	0.0458044	0.0267068	0.0320517	0.102638	0.102885	0.0720339	0.492116	0.0740101
ώ	0.000446636	0.00101357	0.000215569	0.000383519	0.000319652	0.00104083	0.000177538	0.00214535	0.00603194	0.00869404	0.000878631	0.00219971	0.0203291	0.0288459	0.0171218	0.031135	0.167235	0.0177004	0.0217437	0.582109	0.0902334
</S>	0.000420052	0.000335453	0.000634312	0.000443128	0.00103163	0.00212243	0.000931044	0.00172872	0.000383972	0.00220974	0.00513127	0.0117743	0.0280053	0.00868662	0.0739536	0.11612	0.0173241	0.147185	0.201245	0.0436621	0.336672
