 	les	chasseurs	sont	revenus	bredouilles	parce	que	l'	un	d'	eux	portait	la	malchance	à	cause	de	sa	soeur	qui	était	enceinte	</S>
a	0.88108	0.110581	0.00327481	0.00171098	0.00105389	0.000417928	0.000438526	0.000341765	0.000251513	0.000307755	0.000314327	2.19832e-05	5.44147e-05	1.72896e-05	2.09644e-05	8.12203e-06	8.71699e-06	3.55542e-05	4.51018e-05	7.7695e-06	3.45277e-06	2.24092e-06	1.51205e-06
b	0.133537	0.800588	0.00940417	0.0449418	0.00471915	0.00121151	0.000786335	0.000638764	0.000631122	0.000463926	0.000461647	0.000564902	0.000211143	0.000258426	0.00026549	7.44224e-05	0.000202258	0.000202305	0.000237008	0.000100229	0.000120953	0.000120562	0.000259238
e	0.0104718	0.979004	0.000805085	0.00599688	0.00146779	0.000406543	0.000602105	0.000218429	0.000174384	0.000130239	0.000262051	8.74367e-05	5.17029e-05	4.92332e-05	3.62771e-05	1.69431e-05	2.9269e-05	3.44825e-05	8.03629e-05	7.91109e-06	1.09694e-05	2.19199e-05	3.45091e-05
n	0.016056	0.929253	0.00293974	0.0240365	0.00305446	0.000948035	0.00187322	0.0011925	0.00127454	0.00110315	0.00177186	0.00505224	0.000923335	0.00263087	0.000547902	0.000670487	0.000659079	0.000568182	0.00119775	0.000367414	0.000249213	0.000295603	0.00333477
g	0.339936	0.414812	0.0970989	0.0102417	0.0127729	0.013645	0.0119095	0.00816039	0.00648676	0.00983094	0.0149521	0.00479222	0.00822	0.0112724	0.00419945	0.00226073	0.0029591	0.00344835	0.00271583	0.00523076	0.00185456	0.000827139	0.0123729
i	0.317404	0.476976	0.0856275	0.0050871	0.0205827	0.00755179	0.00909583	0.00702147	0.00432216	0.00517795	0.00852672	0.00127991	0.00399819	0.0141247	0.00271106	0.000660457	0.00170893	0.00239226	0.00252593	0.00414643	0.00137425	0.00157575	0.0161295
á	0.0616738	0.0297514	0.747791	0.0169166	0.00820523	0.0138566	0.00915884	0.0082722	0.00649626	0.0077518	0.0089089	0.00293601	0.0167204	0.00444873	0.0056716	0.00721788	0.00727211	0.00699061	0.003186	0.00869014	0.0055926	0.000401216	0.0120897
p	0.0132988	0.0193788	0.254797	0.501218	0.0838858	0.00963572	0.0092735	0.00555618	0.00600113	0.0023459	0.00293952	0.0112336	0.00604457	0.0352425	0.00411021	0.00546486	0.00468668	0.00170059	0.000910782	0.00238779	0.00249474	0.00188348	0.0155096
f	0.00150885	0.00785736	0.0433782	0.754616	0.0438251	0.0206797	0.00985294	0.00573588	0.00870332	0.00317116	0.00293881	0.021794	0.00553857	0.0286265	0.00482938	0.00765551	0.00578664	0.00236799	0.0026429	0.00409738	0.00310207	0.00117382	0.0101175
ú	0.00340933	0.00191252	0.0133759	0.944751	0.0176532	0.00583118	0.0014458	0.000726977	0.000916651	0.000462053	0.000429066	0.00299111	0.000602273	0.00225537	0.000376256	0.000788959	0.000485313	0.000207819	0.000161429	0.000302663	0.000202333	3.98464e-05	0.000672535
u	0.0243428	0.0096621	0.17201	0.407051	0.0860269	0.0459504	0.0209928	0.0131099	0.0161556	0.0239082	0.0322582	0.0141336	0.010553	0.0110803	0.00786866	0.0107203	0.0134602	0.0150046	0.0186972	0.00784819	0.011487	0.00430201	0.0233777
o	0.00687789	0.00196756	0.300755	0.12047	0.208947	0.0616516	0.051937	0.0302209	0.0180153	0.0229433	0.0245091	0.00493472	0.0260601	0.00893569	0.0126629	0.00887381	0.0133888	0.0152256	0.00584754	0.0103078	0.00890606	0.00863117	0.0279314
p	0.00205182	0.00350261	0.012434	0.302407	0.482491	0.0701392	0.0352953	0.018317	0.0145748	0.00539811	0.0028216	0.0100951	0.00372095	0.0123127	0.00345651	0.00380339	0.00344405	0.00145622	0.00177694	0.00138418	0.00188202	0.00330435	0.00393117
é	0.000127513	0.00116585	0.0044333	0.71399	0.0543332	0.0528664	0.0142782	0.00809681	0.0161639	0.00538577	0.00216254	0.0577603	0.00260044	0.0172561	0.00359405	0.00740195	0.00576141	0.00224741	0.0125272	0.003669	0.0014806	0.00152003	0.0111776
e	0.000247855	0.000845569	0.0294447	0.592377	0.079665	0.0892925	0.0220768	0.0127206	0.0169493	0.012834	0.0130491	0.0210357	0.00926354	0.0132303	0.00610744	0.0118157	0.0101954	0.00778567	0.0177224	0.0083325	0.00433843	0.000870601	0.0197998
t	0.00104102	0.000155046	0.0421411	0.0432369	0.265581	0.351616	0.105947	0.0486928	0.0228934	0.0212772	0.0106858	0.00324238	0.0134308	0.0069257	0.00699618	0.00739032	0.0080449	0.0083799	0.00314463	0.00970653	0.00691138	0.00236644	0.010193
s	0.00104943	0.000270102	0.01801	0.0710572	0.0536906	0.401559	0.0825247	0.0463991	0.0440003	0.0352775	0.0149582	0.0343619	0.0165584	0.00658253	0.0155486	0.0267575	0.0232187	0.0190916	0.0176271	0.0208951	0.00826664	0.00337857	0.0389175
í	0.000115193	0.00180908	0.00337667	0.101071	0.100731	0.260123	0.0566932	0.0329163	0.0523441	0.04545	0.0161862	0.0128398	0.0172214	0.0323237	0.0191521	0.0143049	0.0288859	0.0594559	0.0276938	0.0470001	0.0134639	0.00661785	0.0502241
n	0.00197264	0.00255665	0.0160144	0.0137556	0.242462	0.268938	0.114091	0.0359094	0.0282611	0.0283802	0.0347273	0.00773462	0.0061211	0.0191104	0.00535109	0.00516876	0.0081579	0.0145741	0.0382498	0.0111499	0.00510371	0.00434151	0.0878686
a	0.00220208	0.00155454	0.00687799	0.0048277	0.181521	0.140294	0.090639	0.044457	0.0256279	0.0208956	0.0267924	0.00842931	0.00961082	0.0331829	0.0139802	0.00338479	0.0125485	0.0149832	0.00841942	0.0181139	0.0148932	0.0639077	0.252857
o	0.000494952	9.18568e-05	0.0163337	0.00244346	0.125018	0.285605	0.160017	0.154016	0.0694459	0.0521557	0.0400496	0.00662211	0.0135984	0.0200534	0.00967262	0.00363849	0.00572506	0.00715511	0.00466865	0.00809297	0.00578276	0.00156758	0.00775168
p	0.000539997	0.00105585	0.00421863	0.0525636	0.0596918	0.120724	0.146037	0.134429	0.181673	0.0294789	0.00646673	0.153578	0.00617639	0.070751	0.00465967	0.0078617	0.00400272	0.00133693	0.00250297	0.00155249	0.000654033	0.000506793	0.00953927
ω	0.000306368	0.00846756	0.00214267	0.0545069	0.0210454	0.136083	0.0724482	0.0641049	0.156948	0.0449702	0.00854974	0.296019	0.00544868	0.0353238	0.00874138	0.0185088	0.0107258	0.00566756	0.0287638	0.00445988	0.00151312	0.00148218	0.0137725
ώ	0.000518341	0.00271268	0.00347449	0.0720002	0.0278441	0.10643	0.06109	0.0549507	0.103287	0.0643228	0.0220845	0.0719747	0.0148308	0.0642751	0.0185893	0.0287065	0.0184023	0.0331878	0.138528	0.0455352	0.00323099	0.00160635	0.0424187
s	0.000909447	4.80621e-05	0.00484417	0.000405247	0.0246659	0.0766448	0.172055	0.199948	0.116644	0.187166	0.132514	0.00659945	0.0245685	0.0136027	0.00929563	0.00333538	0.00408163	0.00718546	0.00268306	0.00446385	0.00362587	0.00109137	0.00362289
á	0.000535253	0.000419401	0.00352876	0.000456366	0.0498652	0.0785974	0.121797	0.158308	0.134497	0.086096	0.0459022	0.0175067	0.0264553	0.0447229	0.0417948	0.00663016	0.0158319	0.0168901	0.00422639	0.0222789	0.0133869	0.0522474	0.0580252
b	0.00197332	0.000617177	0.0066451	0.0003955	0.0135109	0.0224251	0.0473548	0.104938	0.138658	0.262528	0.21566	0.0214301	0.0279852	0.0339985	0.0258427	0.0045784	0.00723707	0.0139119	0.00730346	0.0128327	0.0102673	0.013968	0.00594
á	0.00862186	0.0481055	0.00446734	0.000431831	0.0189001	0.0437933	0.0875899	0.0394718	0.0566161	0.0873725	0.383124	0.0349931	0.0165803	0.00537729	0.00583961	0.00812808	0.00673086	0.00807761	0.126992	0.000758691	0.00256253	0.000802779	0.00466276
a	0.00101332	0.00157114	0.00237868	7.67893e-05	0.00595967	0.0207278	0.0387533	0.0295711	0.0460525	0.135328	0.384415	0.0411899	0.0190301	0.00143467	0.00914005	0.0140876	0.00991371	0.0192512	0.198983	0.00276926	0.00943615	0.00211803	0.00679963
á	7.94142e-05	2.87976e-05	0.00332304	0.000585505	0.00651019	0.00990551	0.0314457	0.0621303	0.111389	0.141971	0.107299	0.0910989	0.11945	0.127086	0.0527287	0.0401289	0.0218346	0.0148837	0.00772004	0.00921136	0.00732033	0.00192343	0.0319468
d	0.000797133	0.000703225	0.00668377	0.0031446	0.0177957	0.00725576	0.0121074	0.0144469	0.024246	0.0203324	0.0373403	0.104301	0.105901	0.465058	0.0659879	0.0371455	0.0251429	0.0132586	0.00372361	0.00586495	0.00487582	0.00236166	0.0215266
z	0.000103956	0.000294151	0.000616736	8.4307e-05	0.00339103	0.00253321	0.00634274	0.0098332	0.0162416	0.0089998	0.00959779	0.0283955	0.0291427	0.749005	0.0238127	0.00683901	0.0151767	0.00519177	0.000292742	0.00246722	0.00366084	0.00488845	0.0730895
e	0.000199767	0.00070324	0.00139305	0.000623933	0.00944858	0.051153	0.0564003	0.118612	0.136187	0.0432089	0.0170487	0.135249	0.0467571	0.127614	0.0894245	0.0340007	0.0421273	0.0120605	0.00293288	0.0215242	0.0086234	0.0151918	0.029516
l	4.59343e-05	1.73098e-05	0.000500239	0.000279616	0.00247323	0.012488	0.0167088	0.0263727	0.0572496	0.0691897	0.0340027	0.045335	0.095228	0.396483	0.0577333	0.0453163	0.0427188	0.0378452	0.0176294	0.014148	0.00442815	0.00160356	0.0222033
i	3.24574e-05	2.61332e-05	0.000337558	0.000266841	0.00221668	0.00746552	0.0141724	0.0145477	0.029477	0.024182	0.0228649	0.144589	0.0614162	0.425802	0.0552749	0.0465597	0.0408399	0.0231484	0.0118789	0.010417	0.00509252	0.0080108	0.0513819
k	3.44564e-05	1.43105e-05	0.000350311	0.000135587	0.000531733	0.00412352	0.00778543	0.0121671	0.0325954	0.035581	0.0305851	0.108669	0.0803635	0.226391	0.106949	0.0626971	0.0543834	0.0555613	0.075451	0.0292487	0.00748907	0.0146288	0.0542636
á	7.79421e-06	0.000441759	0.000149667	0.000313495	0.00111289	0.00370202	0.00502093	0.00513004	0.0258349	0.0269489	0.0288507	0.25386	0.0361953	0.368718	0.0371491	0.0651836	0.0406676	0.0270461	0.0403511	0.00744977	0.00237304	0.00137227	0.0221216
n	6.05991e-05	0.000866797	0.000666458	0.0010365	0.00351425	0.0137035	0.0116614	0.00990476	0.0270582	0.035834	0.0592885	0.226095	0.0505869	0.223696	0.046172	0.0790576	0.0424694	0.0443703	0.0616167	0.0115705	0.0090791	0.00433347	0.0373579
g	8.56368e-05	0.000374944	0.000103083	0.00128054	0.00194184	0.00884211	0.0179106	0.0195242	0.0336339	0.0650123	0.0675586	0.0953911	0.0684698	0.215492	0.0769021	0.0282488	0.035538	0.0839019	0.0643541	0.0260586	0.00572416	0.00420141	0.0794502
i	0.000670342	0.000728223	0.002131	0.000252014	0.0090331	0.0134152	0.0460594	0.0613531	0.065445	0.0936181	0.138295	0.0295453	0.0270042	0.22222	0.0540285	0.0046094	0.00861087	0.0324267	0.10725	0.0324358	0.00120238	0.00526256	0.0444041
</S>	0.000238507	8.91379e-06	0.00110169	8.6139e-05	0.000701512	0.0020754	0.00402713	0.00668212	0.00763499	0.0259434	0.0447244	0.0140622	0.143451	0.122904	0.138693	0.0554001	0.0704405	0.145944	0.0457058	0.0989075	0.0169777	0.00494652	0.0493433
