 	c'	est	une	chance	si	quelqu'	un	vient	épouser	votre	fille	aujourd'	hui	</S>
w	0.489834	0.242105	0.0909097	0.0361016	0.0284158	0.0255938	0.0486904	0.0175701	0.00138197	0.0136637	0.000276477	0.0043776	0.000927388	0.000151763
á	0.361179	0.284363	0.0874538	0.0632076	0.036268	0.0286091	0.0611854	0.0203929	0.00979831	0.0153618	0.0293782	0.00238592	0.000310509	0.00010651
á	0.0810002	0.182891	0.124195	0.0713932	0.165745	0.0360157	0.032971	0.0499868	0.030837	0.0310942	0.141549	0.0373079	0.00191429	0.0130988
m	0.136537	0.254202	0.179396	0.216203	0.0346023	0.025709	0.0438192	0.0175371	0.00718089	0.0310679	0.00405902	0.00816524	0.000966515	0.0405531
o	0.0903988	0.234041	0.124511	0.223381	0.204099	0.00403847	0.0086927	0.029019	0.0113903	0.000780077	0.0640865	0.000776398	5.60423e-05	0.00472977
r	0.126539	0.123658	0.224867	0.184441	0.215704	0.021912	0.0332869	0.0324045	0.0162059	0.00279703	0.0118446	0.00132302	0.000129709	0.00488711
o	0.0501124	0.053287	0.301223	0.425518	0.0368227	0.0168433	0.0283952	0.0181162	0.00600429	0.027541	0.014276	0.00238031	3.43766e-05	0.0194464
a	0.0369472	0.0626378	0.239913	0.246998	0.183376	0.0755696	0.0636177	0.0361974	0.00735551	0.0213856	0.0060505	0.00870167	0.000234709	0.0110153
y	0.0243231	0.0677488	0.189415	0.178855	0.152899	0.184426	0.101255	0.0418291	0.0207962	0.0127463	0.00350655	0.0078098	0.00243964	0.01195
ε	0.0236805	0.0562662	0.133437	0.29559	0.248425	0.140887	0.037198	0.011547	0.00225346	0.0135958	0.000855381	0.00384326	0.000539756	0.0318818
í	0.0110889	0.0268466	0.105911	0.0690691	0.199005	0.131947	0.0353628	0.0241904	0.0132165	0.024928	0.00606651	0.0276486	0.000571788	0.324147
o	0.0159453	0.0194578	0.0446881	0.105712	0.358056	0.220616	0.118448	0.067446	0.0175876	0.00513654	0.00276145	0.00447977	0.00174645	0.0179189
b	0.00294448	0.00805342	0.0162537	0.0113083	0.0993978	0.299154	0.211903	0.0901979	0.253122	0.00100414	0.00115937	0.000538853	0.00189684	0.00306611
a	0.00158713	0.00676104	0.00988433	0.00116205	0.0164147	0.0877185	0.135322	0.0394095	0.692542	0.00133133	0.00134839	0.000829108	0.00265835	0.00303161
n	0.00123984	0.00530945	0.0142644	0.0024601	0.0649861	0.262447	0.136247	0.075066	0.33374	0.00578085	0.00190134	0.00330426	0.00645624	0.086797
d	0.00325095	0.00693478	0.015096	0.00756872	0.104987	0.454927	0.174725	0.0535829	0.0493021	0.0395778	0.00119035	0.0155154	0.00165616	0.0716865
á	0.0109819	0.0217742	0.0549543	0.0349136	0.160392	0.218214	0.0964108	0.0603766	0.0532113	0.0483997	0.00922671	0.0190369	0.000349675	0.211758
n	0.0102147	0.00590644	0.0145602	0.018604	0.105771	0.144046	0.211637	0.201561	0.0370294	0.116803	0.0833132	0.0293484	0.00328448	0.0179216
ω	0.0022144	0.00314689	0.0136953	0.111176	0.0304562	0.228604	0.0857332	0.0557479	0.0237451	0.26229	0.10667	0.0179802	0.000476264	0.0580645
m	0.000415957	0.00117685	0.0126338	0.0247493	0.0664968	0.126484	0.216622	0.143862	0.0298102	0.277537	0.0269213	0.0383965	0.000338046	0.0345553
w	0.0209886	0.0144405	0.0175265	0.00792096	0.0107099	0.00745914	0.0426861	0.0998565	0.0747513	0.0316586	0.42225	0.177405	0.0101936	0.0621537
á	0.000820964	0.000445354	0.00110502	0.000667594	0.00203451	0.00633718	0.0159712	0.0349349	0.0852723	0.0100573	0.836895	0.00275122	0.00051535	0.00219173
n	0.0112744	0.0116722	0.0289636	0.0166797	0.0132618	0.0207165	0.0888068	0.130554	0.102721	0.0922715	0.417129	0.0422718	0.000300093	0.023378
a	0.00228047	0.00267333	0.00901346	0.0269039	0.0299967	0.0217893	0.0132151	0.0367729	0.0438977	0.0398841	0.74915	0.00433561	0.000393042	0.0196944
o	0.00220767	0.00349966	0.0326871	0.0267697	0.0926825	0.162491	0.198892	0.114598	0.045803	0.240003	0.0118222	0.0516293	0.00840295	0.00851117
y	0.00381131	0.0144491	0.0249115	0.00919413	0.0197479	0.0616418	0.146567	0.0572132	0.248888	0.129428	0.0143863	0.0309975	0.208732	0.0300323
ú	0.00128182	0.00346394	0.0262404	0.0425195	0.00537459	0.0688606	0.180093	0.0320508	0.0338647	0.524613	0.0578764	0.00784874	0.00573057	0.0101824
r	0.00246629	0.00302894	0.026736	0.0251124	0.0103811	0.0499775	0.184518	0.0414678	0.0249829	0.330017	0.0187293	0.0475619	0.0074979	0.227523
u	0.00362703	0.00277458	0.0278075	0.00831163	0.024723	0.121063	0.148667	0.081048	0.177157	0.122917	0.0234016	0.118256	0.013838	0.126409
p	0.000340152	0.000566539	0.00336195	0.00104807	0.0140442	0.0337344	0.0417488	0.0294229	0.0128123	0.372703	0.0103463	0.360783	0.0206913	0.0983963
á	0.00144835	0.00198864	0.0033492	0.000289132	0.00517296	0.0177599	0.0121973	0.00297154	0.00871859	0.0549217	0.00677964	0.0256544	0.811446	0.0473028
b	0.000234199	0.000318308	0.000384429	5.7587e-05	0.00179017	0.00426051	0.00326498	0.0011596	0.00239987	0.0248134	0.00605314	0.049636	0.836333	0.0692947
h	5.74378e-05	9.03804e-05	0.000146307	1.15883e-05	0.000762472	0.00594806	0.00191279	0.000757754	0.00418975	0.061815	0.00216553	0.223292	0.340075	0.358776
a	0.00123281	0.00265099	0.0087306	0.00114969	0.0163422	0.0548482	0.0539591	0.0126113	0.0571389	0.205219	0.014357	0.123297	0.0875529	0.360911
b	0.000713681	0.00126687	0.00465754	0.00169248	0.00359648	0.012508	0.0214599	0.00609654	0.00211516	0.201197	0.00529364	0.38803	0.030517	0.320855
h	0.00289572	0.00641147	0.0030539	0.000699626	0.00279105	0.0106342	0.0197619	0.00429801	0.00553747	0.174405	0.0150221	0.126506	0.152913	0.47507
á	0.00102617	0.00151281	0.001932	0.000434474	0.00581236	0.0119591	0.014322	0.00952003	0.0343518	0.24969	0.023371	0.0809262	0.176702	0.38844
é	0.00206625	0.000981781	0.00197999	0.000976039	0.00659019	0.00266646	0.00337312	0.00344283	0.000647423	0.130148	0.0469959	0.418994	0.0647531	0.316385
d	0.0074896	0.0139348	0.016974	0.00840535	0.0140361	0.0217327	0.0303018	0.016301	0.00880172	0.101203	0.00852714	0.219757	0.104932	0.427604
i	0.00089589	0.00265962	0.00260647	0.00310396	0.00156462	0.00234561	0.00509302	0.00435627	0.00681217	0.0399436	0.023042	0.0326256	0.00822264	0.866728
m	0.000366929	0.00047648	0.00276314	0.00112284	0.000789292	0.00309309	0.0131366	0.00548957	0.00221931	0.0578235	0.0184475	0.142399	0.0776028	0.67427
ó	0.00184953	0.00396486	0.00936439	0.0034024	0.00328732	0.00300679	0.0125299	0.0119721	0.00789995	0.0645076	0.135374	0.352236	0.0396468	0.350958
n	0.000729433	0.0012563	0.015466	0.00351855	0.00268249	0.00696131	0.0291448	0.00464213	0.00786498	0.331465	0.0216295	0.217027	0.0509428	0.30667
g	0.000269959	0.00040282	0.0033069	0.00610574	0.00292513	0.0124555	0.00992493	0.00538039	0.00542661	0.503747	0.0514796	0.0782973	0.00536196	0.314916
ó	0.000140182	0.000622386	0.00297519	0.0244392	0.00195881	0.00505303	0.00410422	0.00224452	0.00207034	0.48172	0.0519278	0.0960325	0.0233194	0.303392
</S>	2.48552e-05	5.2082e-05	0.000582266	0.000623929	0.000294567	0.00303278	0.00629763	0.00162455	0.00466919	0.291667	0.034564	0.171257	0.0180429	0.467267
