 	sa	joue	s'	est	contusionnée	suite	à	la	giffle	qu'	il	a	reçue	</S>
a66	0.229677	0.1319	0.108095	0.0970575	0.0910351	0.045824	0.0385676	0.0439098	0.0585799	0.0410575	0.038074	0.0347015	0.0266682	0.0148536
a82	0.200103	0.0740173	0.0454785	0.0496962	0.0907232	0.0831965	0.0627907	0.0715423	0.0730359	0.0524429	0.0434708	0.0466879	0.0533669	0.053448
a3	0.127135	0.0653762	0.0656768	0.0697405	0.149499	0.0946558	0.0524256	0.0506469	0.0629507	0.0415606	0.0384429	0.0542021	0.0630541	0.0646345
a10	0.125791	0.0631943	0.0868206	0.11726	0.211791	0.093194	0.0462348	0.039497	0.0511882	0.0342697	0.0316781	0.0335467	0.0322901	0.0332447
a97	0.126733	0.0640426	0.088708	0.110823	0.163947	0.0702342	0.0417582	0.0400647	0.0523065	0.048767	0.054011	0.0564834	0.0459266	0.0361946
a9	0.123346	0.067844	0.0810422	0.0849105	0.112097	0.0525105	0.0321333	0.0352473	0.0489325	0.0538817	0.0769644	0.0962759	0.0762797	0.0585355
a53	0.153119	0.0880322	0.0780982	0.0621878	0.0651477	0.0269626	0.0189334	0.0212981	0.0317909	0.0452473	0.0939752	0.138417	0.101126	0.0756653
a90	0.170515	0.109784	0.0895975	0.0808186	0.0712745	0.0271078	0.020007	0.0176998	0.034624	0.0265936	0.048449	0.0926136	0.113653	0.0972622
a76	0.213407	0.170533	0.12868	0.119854	0.085964	0.03719	0.0322554	0.0290617	0.0421647	0.0197163	0.0196828	0.0260243	0.0297208	0.045746
a69	0.137731	0.162072	0.118169	0.115566	0.0950929	0.0658965	0.0602562	0.0508666	0.0600152	0.0290359	0.0217557	0.0220449	0.0242554	0.0372424
a98	0.0662183	0.108954	0.1023	0.127402	0.140331	0.0894995	0.0756092	0.0626653	0.0691965	0.0317229	0.024761	0.0261794	0.029362	0.0457996
a79	0.0598078	0.116586	0.114675	0.136154	0.111009	0.105394	0.0858349	0.0742176	0.0742367	0.0295503	0.0197556	0.0178598	0.0205169	0.0344021
a44	0.0381199	0.0871664	0.112772	0.161038	0.143835	0.118739	0.0887093	0.0752909	0.0701928	0.0224802	0.0146795	0.014378	0.0183554	0.034244
a90	0.0432842	0.0776857	0.10875	0.168437	0.166078	0.107603	0.0822123	0.0719035	0.0668429	0.0247563	0.014811	0.0139372	0.0185431	0.035156
a56	0.0267064	0.0543375	0.0864519	0.145406	0.161363	0.118592	0.0947367	0.0880901	0.0767366	0.030963	0.0186524	0.0182638	0.026366	0.0533339
a75	0.0242078	0.043953	0.0743874	0.13292	0.163225	0.128858	0.103185	0.0999189	0.0848247	0.0360179	0.0204498	0.018162	0.0248411	0.0450497
a24	0.00830217	0.0175839	0.0372146	0.0757106	0.122356	0.136153	0.121222	0.141428	0.109279	0.0624884	0.0421157	0.0330901	0.0365331	0.0565231
a61	0.00430637	0.0112653	0.0305506	0.0639348	0.121639	0.166369	0.142027	0.175386	0.135684	0.0465148	0.0228757	0.0170009	0.0224991	0.0399481
a62	0.00627709	0.011816	0.0258713	0.0517559	0.118636	0.151415	0.141639	0.179069	0.140377	0.064081	0.0328349	0.0209539	0.0221297	0.0331435
a83	0.00522368	0.0105777	0.0235825	0.0445092	0.103285	0.143479	0.150021	0.192202	0.150324	0.0680771	0.0344484	0.0204583	0.021979	0.0318327
a18	0.00422533	0.0098283	0.022942	0.0413986	0.0892793	0.128194	0.151943	0.199388	0.14719	0.0738791	0.0391293	0.0249774	0.0281886	0.0394373
a9	0.00329798	0.00726629	0.0135507	0.0238732	0.0584373	0.121956	0.184245	0.244965	0.156171	0.0792995	0.0361231	0.0202928	0.0216516	0.0288702
a99	0.00418729	0.00773476	0.0130453	0.0205239	0.0513708	0.129557	0.179736	0.237455	0.14674	0.0826223	0.0420989	0.0256968	0.0270828	0.0321487
a35	0.00626138	0.00907338	0.0138398	0.0206031	0.0637199	0.133303	0.161617	0.216826	0.129794	0.0824613	0.0472647	0.0328091	0.0388502	0.0435775
a98	0.00547169	0.00815798	0.0100807	0.0117757	0.0282485	0.0709606	0.0840566	0.118934	0.0834087	0.0681473	0.0695674	0.086716	0.117278	0.237197
a85	0.00283776	0.00680296	0.00990317	0.0127601	0.0242732	0.0690746	0.0794177	0.106301	0.0679713	0.0554681	0.0553885	0.0786732	0.14239	0.288738
a21	0.00329235	0.00751331	0.011556	0.0155944	0.0262307	0.0756747	0.0886423	0.12	0.0721955	0.0578484	0.053165	0.0651856	0.128175	0.274927
a92	0.00394749	0.00904193	0.0118626	0.014051	0.0270308	0.0711285	0.0821301	0.112961	0.0790306	0.0778479	0.0722285	0.0794047	0.115775	0.24356
a37	0.00223493	0.00622596	0.0101921	0.0128392	0.0228527	0.061873	0.076693	0.102863	0.0660311	0.0699348	0.0680613	0.0837646	0.137527	0.278907
a98	0.00138314	0.00426234	0.00889978	0.0126979	0.0237014	0.059428	0.0810789	0.105917	0.0608499	0.0571518	0.0605043	0.0941598	0.178787	0.251179
a47	0.00197679	0.00494532	0.00874295	0.0110846	0.0169351	0.0568716	0.0766671	0.104398	0.0544102	0.0578824	0.0637814	0.0844448	0.156759	0.301101
a7	0.00171273	0.0042169	0.00720173	0.00976193	0.0156399	0.0478227	0.0671858	0.0990787	0.048191	0.0483085	0.0580964	0.0940715	0.192655	0.306057
a98	0.00174296	0.00351865	0.00651543	0.00901406	0.0151959	0.0377029	0.0591224	0.0842967	0.0387094	0.0378328	0.0527324	0.11032	0.233583	0.309713
a85	0.00158393	0.00362431	0.00641585	0.00808847	0.0139151	0.0398853	0.0530415	0.0697593	0.0342231	0.0392193	0.049242	0.0859895	0.202417	0.392595
a5	0.00121732	0.00326023	0.00566657	0.00666355	0.0101574	0.0394406	0.054073	0.0718941	0.0323714	0.0386409	0.0521234	0.0948533	0.200126	0.389513
a24	0.00140182	0.00324681	0.00546657	0.0073086	0.0145459	0.0386403	0.0575847	0.077493	0.0400838	0.0491102	0.0640383	0.112051	0.206489	0.32254
a18	0.0014152	0.00317447	0.00442361	0.00627937	0.0131291	0.0314217	0.0479018	0.0745592	0.0381839	0.03963	0.0470481	0.085081	0.205955	0.401798
a75	0.00136913	0.00271735	0.00301062	0.00357926	0.00569907	0.0132957	0.023851	0.0374225	0.0170945	0.0193533	0.0363904	0.102749	0.261497	0.471972
a41	0.000697903	0.00178362	0.00302324	0.00359955	0.00495691	0.0155427	0.022084	0.0330111	0.0155071	0.0233505	0.0349247	0.0762532	0.212912	0.552353
a94	0.000723754	0.0019881	0.00300123	0.00352354	0.00401234	0.0151354	0.0218015	0.031196	0.0129092	0.0184011	0.0272028	0.0596781	0.18807	0.612357
a24	0.000467663	0.00113796	0.00151625	0.00190514	0.00281311	0.0117959	0.0184868	0.0258403	0.00831229	0.00833919	0.0148297	0.0540601	0.21114	0.639355
a12	0.000357486	0.000957228	0.00132355	0.00162116	0.00309131	0.00974472	0.0148457	0.0238865	0.00950074	0.0101076	0.015971	0.0466964	0.186758	0.675139
a93	0.000389081	0.0011021	0.00166826	0.00226304	0.00464075	0.0126578	0.019403	0.0301229	0.0135625	0.0154277	0.0216219	0.0533579	0.187121	0.636662
a90	0.000189014	0.000537088	0.000815584	0.00109951	0.0023779	0.00831292	0.0140094	0.0214389	0.00793526	0.00927451	0.0168541	0.0586363	0.217102	0.641418
a94	0.000225537	0.000603774	0.000887486	0.00127628	0.00242464	0.00886943	0.0152723	0.0226134	0.00780559	0.00892759	0.0175152	0.0618037	0.224255	0.627521
a38	0.000189897	0.000416003	0.00049459	0.000699199	0.0015866	0.00622989	0.0111672	0.0196293	0.00695091	0.00797171	0.0163635	0.0626896	0.222135	0.643477
a9	0.00156055	0.00236097	0.00171823	0.00193991	0.00351069	0.0126619	0.0235043	0.0370489	0.0142252	0.0165509	0.0316713	0.0909893	0.232187	0.530071
a10	0.0247469	0.0242631	0.0174765	0.0157631	0.0159997	0.0287484	0.0348518	0.0400198	0.0281283	0.0563477	0.0951939	0.157437	0.201646	0.259378
a82	0.0308101	0.0146502	0.0106626	0.011108	0.0233829	0.0234904	0.0196368	0.0296869	0.0326151	0.0660393	0.0946641	0.151522	0.207801	0.28393
a27	0.0277723	0.0137988	0.0135411	0.0167843	0.0438006	0.0408951	0.0377025	0.0570428	0.0487721	0.0638706	0.0710648	0.107226	0.183347	0.274381
</S>	0.0169078	0.0101609	0.0130691	0.0183954	0.0631354	0.0548721	0.0427682	0.05638	0.0547856	0.0535693	0.0564971	0.0864059	0.176125	0.296928
