 	mon	petit	frère	m'	a	montré	l'	endroit	où	maman	a	gardé	ma	nourriture	</S>
a66	0.109967	0.0950303	0.0862968	0.0946306	0.205611	0.205901	0.0552823	0.0562922	0.0292421	0.0151772	0.0119584	0.00774195	0.00870314	0.00897468	0.00919105
a87	0.310859	0.185552	0.0888874	0.0814512	0.108757	0.12912	0.0257641	0.0163903	0.00687535	0.00347426	0.00453328	0.00408167	0.00754044	0.0130516	0.0136615
a23	0.457413	0.239912	0.0984433	0.0845852	0.0613733	0.0347863	0.00507696	0.00420676	0.00161703	0.000725259	0.00080789	0.000779869	0.00154264	0.00379339	0.00493677
a87	0.524969	0.237667	0.0736224	0.065472	0.0305515	0.0135936	0.00431792	0.00296824	0.0025283	0.00252027	0.00329722	0.00379252	0.00545316	0.0119968	0.0172503
a23	0.436864	0.273205	0.103504	0.0770875	0.0443693	0.0245865	0.00769936	0.00502873	0.00313561	0.00277735	0.00323322	0.00300512	0.00373964	0.00541477	0.00635036
a30	0.419758	0.235933	0.0761364	0.0679162	0.040295	0.027921	0.0118532	0.0113279	0.0113608	0.0107629	0.0125612	0.012347	0.0153445	0.0224476	0.024035
a99	0.348946	0.17707	0.0875179	0.0713583	0.0591303	0.0442903	0.0281994	0.0252747	0.025022	0.0174985	0.0177838	0.0184556	0.0232458	0.0286426	0.0275644
a83	0.211573	0.124675	0.0729943	0.0551834	0.0628672	0.0910143	0.0515755	0.0673535	0.0520944	0.0291748	0.0279973	0.0285711	0.0390935	0.0458722	0.0399601
a34	0.207469	0.138463	0.0709633	0.0526216	0.0484103	0.109178	0.0563463	0.0977755	0.051529	0.0230352	0.0220776	0.0169458	0.0283808	0.0427189	0.0340861
a98	0.114463	0.0946676	0.0685346	0.0615511	0.0680053	0.150551	0.0986973	0.107472	0.0638123	0.0354291	0.029272	0.0198623	0.0279972	0.0349681	0.0247179
a6	0.0395135	0.0419583	0.0390164	0.0377541	0.0598704	0.163603	0.12906	0.118474	0.0804191	0.0569331	0.0553091	0.0355844	0.0477837	0.055613	0.0391088
a92	0.0506646	0.0558614	0.0601197	0.0581901	0.0744838	0.143296	0.16139	0.10345	0.0650057	0.0498654	0.0432701	0.0288442	0.0310848	0.0391605	0.0353135
a85	0.0605997	0.0628748	0.0662094	0.0675658	0.0839332	0.142494	0.134614	0.0968636	0.0636652	0.0550805	0.0455184	0.0291924	0.0265879	0.0328063	0.0319946
a5	0.0421967	0.0480966	0.0537363	0.0518441	0.0669984	0.107476	0.141743	0.119238	0.078191	0.0756059	0.0683668	0.0442232	0.0348788	0.0345736	0.0328319
a0	0.0577272	0.067157	0.0813172	0.0755171	0.0873978	0.144935	0.168336	0.0989369	0.0530393	0.0409972	0.0322424	0.02286	0.0203517	0.0238386	0.0253465
a70	0.0407484	0.0475141	0.0667004	0.0581489	0.0716366	0.0867694	0.172856	0.115486	0.0871846	0.0626817	0.0487653	0.0332075	0.0319072	0.0364696	0.0399245
a83	0.0190788	0.0222179	0.0399522	0.0369079	0.058139	0.061112	0.101051	0.0927198	0.105114	0.101299	0.0766697	0.0594712	0.0625767	0.0739821	0.0897083
a62	0.019365	0.0215194	0.0402795	0.0354373	0.0574059	0.0611403	0.0859961	0.0900719	0.12547	0.12246	0.084814	0.0633194	0.0613777	0.0628729	0.0684709
a96	0.0140662	0.0154573	0.0262192	0.0236998	0.0368956	0.0427414	0.0769858	0.0952718	0.134305	0.135388	0.0987912	0.0702674	0.0700114	0.0762323	0.0836681
a62	0.0092386	0.0103672	0.0179899	0.0162858	0.0229716	0.0254194	0.0543488	0.0802569	0.132659	0.150052	0.121313	0.0934199	0.083586	0.084938	0.0971539
a47	0.0107058	0.0118192	0.0189185	0.0180989	0.0231692	0.0250369	0.0586156	0.0777595	0.11743	0.145189	0.131604	0.0978649	0.0862602	0.0863017	0.0912266
a96	0.010596	0.011958	0.0192074	0.0171957	0.0205717	0.0235811	0.0417951	0.0570408	0.0963799	0.13759	0.126385	0.114008	0.110413	0.105869	0.107409
a93	0.00446906	0.00505693	0.00888463	0.00803889	0.0116108	0.0159813	0.0237197	0.0345665	0.0613243	0.119773	0.128005	0.144666	0.141451	0.144226	0.148227
a70	0.00356192	0.00402746	0.0069322	0.00631282	0.008506	0.0113905	0.0162853	0.0224278	0.0467744	0.0971278	0.111261	0.137943	0.152567	0.182969	0.191914
a96	0.00176645	0.00192497	0.00343083	0.00316569	0.00482329	0.00821395	0.00952876	0.0124553	0.0232783	0.0615526	0.0769566	0.121844	0.163505	0.226405	0.281149
a93	0.00137901	0.00141957	0.0030043	0.00335679	0.00717946	0.0108625	0.00935527	0.0123906	0.0181475	0.0446614	0.0625078	0.122952	0.179682	0.243604	0.279498
a70	0.000973479	0.0009728	0.00178151	0.00198512	0.0035033	0.00633972	0.00474044	0.00595323	0.0111878	0.0316602	0.0445411	0.0894829	0.162721	0.272927	0.361231
a34	0.00067405	0.00067182	0.0011508	0.00164188	0.00285948	0.00368983	0.0054859	0.00743884	0.0131131	0.0322065	0.0451128	0.10741	0.189595	0.260512	0.328438
a21	0.000520012	0.000533673	0.000914936	0.00128793	0.00174734	0.00183108	0.00255353	0.0039143	0.00839584	0.022816	0.0350675	0.0830898	0.165811	0.275436	0.396082
a85	0.00031703	0.000279652	0.000491623	0.000605139	0.000701829	0.000660997	0.000807487	0.00172297	0.0045987	0.0140761	0.0248552	0.0680244	0.140091	0.258672	0.484096
a6	0.000120426	0.000113994	0.000219682	0.000287763	0.000359278	0.000358974	0.00062902	0.00160146	0.00498315	0.0154278	0.0260426	0.0670372	0.138517	0.274196	0.470106
a37	0.000114508	0.000101865	0.000197088	0.000272076	0.000446726	0.00051366	0.000762496	0.00184927	0.0050243	0.015234	0.0273032	0.0696482	0.146188	0.277789	0.454556
a36	0.000499939	0.000490659	0.000829115	0.00109956	0.0023646	0.00314379	0.00255971	0.00522298	0.00791795	0.013008	0.0220012	0.0754227	0.179265	0.268214	0.417961
a2	0.0050025	0.00430886	0.00630362	0.00725707	0.010371	0.00990237	0.00983321	0.0163437	0.0209073	0.0254362	0.0377032	0.0980122	0.167866	0.215483	0.36527
a57	0.0287817	0.0180339	0.0212421	0.0202415	0.0198485	0.0360144	0.0380825	0.0559763	0.0511574	0.0661324	0.0763816	0.105175	0.117065	0.123652	0.222215
a87	0.0866346	0.0348121	0.0282683	0.0280523	0.0354484	0.0577128	0.0628558	0.0945582	0.0721904	0.0745571	0.06795	0.0798896	0.0847114	0.0813565	0.111002
a23	0.168258	0.0790654	0.0507081	0.0475697	0.0522167	0.0540869	0.052939	0.069326	0.0649596	0.069397	0.0631574	0.0585092	0.059236	0.0550746	0.0554959
a87	0.108361	0.0320884	0.0175781	0.0167682	0.0161416	0.026738	0.0229646	0.0253086	0.0260022	0.0361747	0.0521126	0.0673183	0.0925065	0.184444	0.275493
a23	0.0225754	0.00622354	0.00390873	0.00425031	0.00458461	0.00634937	0.00962077	0.0170978	0.0221891	0.0348756	0.0537493	0.0751241	0.0974642	0.233388	0.408599
</S>	0.05529	0.0198336	0.0145722	0.0149422	0.0171777	0.0244846	0.0357252	0.0568036	0.0625703	0.0631987	0.0707671	0.0752329	0.0851159	0.15698	0.247306
