 	cette	rue	est	animée	de	ce	côté	à	cause	de	la	musique	</S>
a15	0.13658	0.185163	0.159723	0.175311	0.104539	0.100497	0.0767146	0.0278228	0.0112426	0.0063392	0.00505436	0.00517802	0.00583682
a66	0.460256	0.286148	0.0743402	0.0271634	0.0159565	0.0160735	0.0174971	0.0123223	0.0152538	0.015982	0.0178167	0.0226398	0.0185511
a87	0.442475	0.182428	0.0939035	0.0564858	0.0377976	0.030295	0.0154193	0.0097496	0.0113099	0.0159545	0.0251673	0.0414479	0.0375664
a23	0.335002	0.227096	0.111636	0.0676435	0.0458401	0.0396148	0.0293188	0.023393	0.0200613	0.0197288	0.0224137	0.0296306	0.0286226
a79	0.27483	0.164246	0.0642794	0.0313876	0.0220456	0.019442	0.019472	0.0324518	0.0449198	0.0496518	0.0670237	0.108832	0.101418
a7	0.197516	0.108573	0.0814363	0.102348	0.0562583	0.0402081	0.0269497	0.032152	0.0429752	0.0565056	0.0720496	0.0992308	0.0837971
a54	0.19493	0.212971	0.152385	0.156511	0.0636852	0.0452304	0.0295776	0.0240086	0.0254825	0.0226775	0.0249397	0.0275168	0.0200841
a6	0.12346	0.157882	0.168828	0.208753	0.0745401	0.0530783	0.0378031	0.0239772	0.0328886	0.0327282	0.0359486	0.031522	0.0185908
a98	0.0958993	0.109428	0.157188	0.214623	0.109141	0.0750505	0.0584158	0.0317833	0.0353786	0.0297294	0.0364019	0.0288524	0.0181091
a15	0.0687302	0.0832496	0.137258	0.21759	0.130372	0.0895315	0.0643827	0.0317688	0.0329458	0.0322825	0.045116	0.0372685	0.0295039
a98	0.0850087	0.0822444	0.124112	0.196247	0.145786	0.105219	0.0818525	0.0371076	0.028461	0.0226535	0.0343648	0.0322123	0.0247311
a79	0.0704401	0.0737417	0.106728	0.185299	0.148602	0.118071	0.105817	0.0453522	0.0308201	0.0233113	0.0342387	0.0325704	0.0250081
a90	0.063411	0.0655282	0.104186	0.196716	0.190775	0.150457	0.110659	0.0363462	0.0195293	0.0134129	0.0185439	0.0179665	0.0124705
a44	0.0697018	0.0690454	0.102146	0.155843	0.176984	0.154832	0.119402	0.0481583	0.025652	0.0191598	0.022802	0.0214999	0.0147736
a12	0.0270345	0.0280671	0.0537325	0.106618	0.172793	0.167919	0.137489	0.073498	0.0489837	0.0433204	0.0499058	0.048292	0.0423465
a62	0.0117613	0.0132428	0.0283732	0.0730252	0.152067	0.172307	0.162159	0.0859235	0.0586295	0.0549554	0.0642292	0.0653702	0.0579566
a93	0.0087554	0.00845472	0.0158832	0.0458112	0.102868	0.157743	0.196642	0.127411	0.0801167	0.0642412	0.0657997	0.0677433	0.0585309
a34	0.0109372	0.0122083	0.023433	0.054053	0.0794027	0.102839	0.12677	0.108744	0.0899483	0.0897987	0.0987172	0.119875	0.0832726
a93	0.00994898	0.00957272	0.0154446	0.0344901	0.0616552	0.0962013	0.140375	0.129917	0.112122	0.102985	0.0966275	0.109821	0.0808396
a70	0.00916676	0.00840659	0.0126096	0.0256862	0.0450805	0.0692191	0.102987	0.121998	0.115698	0.125632	0.11841	0.138371	0.106736
a62	0.00815211	0.00754465	0.0114258	0.0207829	0.0328118	0.0466888	0.0629646	0.0892319	0.0939801	0.134205	0.141501	0.188893	0.161817
a50	0.00456928	0.00472514	0.00781053	0.0149413	0.0235746	0.0297946	0.0361684	0.0582092	0.0694621	0.137827	0.165054	0.226634	0.22123
a34	0.00322425	0.00309886	0.00688599	0.0113701	0.0166049	0.0214081	0.0203318	0.0321021	0.0437059	0.117053	0.144621	0.225666	0.353928
a21	0.0010966	0.0010503	0.00212303	0.00444116	0.00727186	0.00907539	0.0105992	0.0216031	0.0356503	0.115802	0.157838	0.250397	0.383053
a12	0.00084364	0.000786229	0.0011644	0.00193991	0.00271966	0.00332179	0.00435733	0.0109291	0.0226698	0.0935345	0.135307	0.221434	0.500993
a96	0.000499016	0.000446115	0.000942755	0.00178295	0.00287625	0.00395526	0.00490374	0.0111183	0.0223844	0.0895879	0.135547	0.231494	0.494462
a62	0.000935473	0.000810258	0.00218453	0.00453149	0.00614566	0.00833121	0.00764403	0.0166079	0.0332538	0.110045	0.138707	0.205742	0.465061
a88	0.00103857	0.000915529	0.00162167	0.00292435	0.00463133	0.00668112	0.0084951	0.0172437	0.0290642	0.0986938	0.133757	0.219647	0.475287
a71	0.00145411	0.00130906	0.00340952	0.00699935	0.0094744	0.0134451	0.0121187	0.023878	0.0416516	0.122108	0.145749	0.194996	0.423406
a9	0.00708227	0.00895041	0.022369	0.0423937	0.042707	0.0476537	0.0334416	0.046368	0.0709386	0.133582	0.127982	0.141108	0.275424
a87	0.0295685	0.0256805	0.0451307	0.0864147	0.0755827	0.0821403	0.0676539	0.091941	0.0807123	0.109724	0.0805376	0.0803395	0.144574
a23	0.107474	0.0500596	0.0509745	0.0621316	0.0599316	0.0757753	0.0998884	0.122018	0.0825565	0.084588	0.0607305	0.0600743	0.083797
a99	0.00959416	0.00284945	0.00320938	0.00380303	0.00407411	0.00642289	0.0106483	0.0230602	0.0435854	0.121682	0.187652	0.246147	0.337272
a62	0.00545092	0.00164359	0.00235094	0.00352812	0.00490664	0.00752099	0.0128298	0.0317034	0.0528427	0.126902	0.188709	0.240647	0.320965
a5	0.00146625	0.00074626	0.00177654	0.00405158	0.0047002	0.00626437	0.0104113	0.0319776	0.0509251	0.143662	0.173648	0.229015	0.341356
a85	0.000703433	0.000519965	0.000997282	0.00207268	0.00287027	0.004234	0.00982612	0.0362752	0.0589585	0.159424	0.172468	0.205848	0.345802
a6	0.000107839	8.55739e-05	0.000214301	0.00060608	0.00119581	0.00221454	0.00702165	0.0319056	0.0522793	0.140457	0.182201	0.196953	0.384759
a5	0.00018698	0.000155736	0.000306766	0.000736331	0.00106702	0.00188633	0.00485209	0.0226931	0.0397377	0.136671	0.184356	0.216709	0.390642
a12	0.00016102	0.000127319	0.000241793	0.000570644	0.000929103	0.00163908	0.00406635	0.0184726	0.0321286	0.119231	0.164888	0.213046	0.444499
a62	0.000352412	0.000251738	0.000430872	0.00086534	0.00144309	0.00228189	0.00418194	0.0193271	0.0340747	0.105453	0.140985	0.204198	0.486155
a96	0.000836773	0.000614265	0.00114475	0.00214851	0.00319579	0.00468894	0.00650031	0.0221732	0.0415416	0.126811	0.15042	0.204035	0.43589
a18	0.000650237	0.000499892	0.00114787	0.0020473	0.00299821	0.00421463	0.00519471	0.0198376	0.0420671	0.123687	0.145054	0.205054	0.447547
a26	0.00636562	0.00600646	0.0108483	0.0178277	0.0151446	0.0175169	0.0171277	0.0459879	0.0630665	0.1307	0.145279	0.176389	0.347741
a57	0.0490948	0.0325384	0.0420934	0.0584042	0.0406694	0.0472772	0.0478978	0.0653689	0.0633222	0.104003	0.107974	0.126001	0.215356
a87	0.12866	0.0615909	0.0565701	0.060172	0.0466185	0.0560694	0.0608392	0.0629462	0.0573499	0.0843995	0.0846579	0.0963996	0.143727
a23	0.15814	0.0911055	0.0733484	0.053973	0.0555674	0.0705402	0.0761502	0.069358	0.0504184	0.0666065	0.0616382	0.0715853	0.101569
a99	0.00948713	0.00256652	0.00277703	0.00233178	0.0034489	0.00581324	0.0112813	0.0311598	0.0619131	0.156639	0.20036	0.213543	0.298678
a97	0.0114838	0.00281557	0.00304676	0.00404047	0.00764505	0.0123997	0.0199646	0.0340112	0.0546793	0.122694	0.191947	0.224441	0.310831
</S>	0.00496543	0.00150645	0.00173235	0.00282179	0.00429287	0.00618951	0.0105365	0.0216795	0.0422539	0.100597	0.203492	0.261462	0.33847
