 	la	co-épouse	de	ma	mère	m'	a	adressé	une	mauvaise	parole	</S>
a87	0.192259	0.102289	0.0799312	0.0923889	0.0887633	0.110649	0.0887722	0.102677	0.0662998	0.0439343	0.0183035	0.0137315
a10	0.259468	0.0685796	0.0508223	0.0494289	0.0499173	0.059275	0.074801	0.0759229	0.113995	0.0908265	0.041468	0.0654957
a38	0.168988	0.0852711	0.080218	0.0879863	0.0858498	0.0884069	0.069293	0.0644469	0.0685011	0.0804495	0.0568287	0.0637603
a83	0.156955	0.115061	0.102895	0.0754075	0.056731	0.05505	0.04548	0.0447431	0.0569029	0.0761048	0.0929113	0.121758
a70	0.241873	0.202444	0.167825	0.108572	0.0637415	0.0417488	0.0331433	0.0204097	0.0227035	0.0226171	0.0335927	0.0413293
a54	0.347518	0.250646	0.160555	0.0705896	0.0399459	0.0278366	0.019511	0.0148256	0.0146332	0.0161328	0.0188714	0.0189354
a47	0.222177	0.165897	0.13559	0.0885665	0.0686502	0.0539518	0.0447568	0.0319911	0.0305832	0.0437935	0.0549931	0.0590498
a41	0.191293	0.170793	0.16102	0.112739	0.0836303	0.0635008	0.046529	0.0323292	0.0273394	0.0314266	0.0381454	0.0412542
a85	0.143337	0.152892	0.172851	0.148587	0.117423	0.0849393	0.0506214	0.0308574	0.0248394	0.0265556	0.0247926	0.0223048
a94	0.123918	0.151075	0.182746	0.169465	0.125542	0.0912656	0.0562345	0.0340227	0.0185136	0.0164143	0.0153331	0.0154707
a90	0.0656778	0.0880931	0.145316	0.205189	0.195668	0.13867	0.0706791	0.0262622	0.0170978	0.016505	0.0154658	0.0153759
a98	0.0577237	0.0821674	0.134199	0.200083	0.201205	0.146944	0.0805573	0.0280654	0.0168275	0.0162261	0.0172089	0.0187927
a44	0.0523805	0.0671616	0.0991262	0.170123	0.170421	0.131694	0.0875142	0.0624251	0.0370764	0.0395678	0.0394894	0.0430207
a11	0.0377589	0.0492416	0.0749386	0.15347	0.211569	0.182267	0.113821	0.0534479	0.0291097	0.028423	0.0292589	0.0366944
a75	0.0206069	0.0276865	0.0446137	0.107158	0.186769	0.200178	0.151856	0.0721045	0.0363619	0.0367088	0.0464436	0.0695132
a5	0.0290661	0.0351566	0.0468755	0.0813924	0.128469	0.126565	0.0998256	0.0813649	0.0599963	0.0789926	0.100033	0.132264
a27	0.0279763	0.0342898	0.0450528	0.0620964	0.0826261	0.100266	0.106914	0.115959	0.0808913	0.0978537	0.105589	0.140486
a11	0.00759251	0.0081898	0.0129378	0.0306665	0.070812	0.117144	0.135	0.106497	0.0702358	0.100935	0.13496	0.20503
a47	0.0119717	0.0120174	0.0150033	0.0267256	0.0563713	0.0887513	0.113249	0.114804	0.0717086	0.0975359	0.129569	0.262293
a62	0.0125092	0.0160145	0.0221628	0.0438354	0.0853919	0.112099	0.127626	0.128449	0.0984214	0.109983	0.095135	0.148372
a75	0.00776677	0.00889264	0.0114959	0.0193968	0.0348056	0.0541338	0.0731369	0.100082	0.08198	0.141001	0.197242	0.270067
a85	0.00932984	0.0113946	0.0178316	0.028816	0.046626	0.0502449	0.053227	0.061717	0.0823717	0.16579	0.204388	0.268264
a5	0.0126355	0.0144517	0.0171721	0.0186076	0.020389	0.0240867	0.0303971	0.0532238	0.0763378	0.165609	0.250846	0.316245
a18	0.0167839	0.0181186	0.021765	0.0252747	0.0297378	0.0341484	0.040441	0.052813	0.0759311	0.146438	0.28624	0.252308
a31	0.00249147	0.00248868	0.00315486	0.0058379	0.00992533	0.0132796	0.0179313	0.0265491	0.0355764	0.0912083	0.329933	0.461624
a47	0.00168249	0.00167497	0.00226056	0.00385249	0.00631829	0.0082005	0.0127731	0.0215646	0.0364958	0.10575	0.360321	0.439106
a62	0.00183669	0.0015973	0.00191995	0.00344414	0.00629138	0.00891531	0.0125139	0.0178728	0.0347232	0.0981508	0.366142	0.446593
a83	0.00175791	0.00138604	0.00163006	0.0029185	0.00558149	0.00766727	0.0100841	0.0149963	0.0273288	0.0910049	0.34219	0.493454
a71	0.00099679	0.000787698	0.000923932	0.00179661	0.00375183	0.00551282	0.00905493	0.0168935	0.0327059	0.10473	0.347559	0.475287
a62	0.00144582	0.000881806	0.000886003	0.00132414	0.00265443	0.0053224	0.0127741	0.0241448	0.0648679	0.209287	0.319672	0.35674
a83	0.000419082	0.000376414	0.00051398	0.0010346	0.00221294	0.00301167	0.00496433	0.00867459	0.0201995	0.0723614	0.32946	0.556772
a9	0.000233416	0.000216092	0.000287553	0.000483979	0.00097208	0.00169456	0.00393714	0.0084912	0.0239875	0.103827	0.358478	0.497392
a99	0.00111568	0.000585777	0.00060471	0.00075356	0.00131877	0.00218673	0.00592891	0.0138432	0.0463762	0.171719	0.351343	0.404224
a97	0.00367465	0.00135121	0.00116718	0.0013833	0.00211568	0.00381601	0.00964802	0.0295741	0.0847562	0.229857	0.310423	0.322233
a87	0.00914254	0.00428991	0.00409681	0.00522089	0.00856492	0.0161646	0.0276627	0.0625896	0.127719	0.244456	0.256924	0.233169
a23	0.0126086	0.0070323	0.00671343	0.00897581	0.0166494	0.0290669	0.0457907	0.0906405	0.154522	0.216376	0.209859	0.201766
a99	0.0120488	0.00538864	0.0042692	0.00427832	0.0074807	0.012145	0.019028	0.0399967	0.0775744	0.144743	0.258158	0.414889
a97	0.00653479	0.00319584	0.00260922	0.00355258	0.00646428	0.0098833	0.0156332	0.0291988	0.0728798	0.149343	0.273404	0.427301
</S>	0.00934695	0.00452549	0.00375479	0.00527328	0.0079461	0.00961535	0.0142812	0.0268764	0.0624901	0.130827	0.28144	0.443624
