 	lorsqu'	on	l'	a	poussé	il	n'	est	pas	tombé	parce	qu'	il	s'	est	appuyé	contre	le	mur	</S>
a66	0.0517429	0.0471921	0.048858	0.0508693	0.0553616	0.0608715	0.0652842	0.0714999	0.0842157	0.0868862	0.123796	0.124112	0.0707049	0.0271082	0.0131888	0.00850755	0.00372656	0.00224148	0.00192949	0.00190311
a87	0.195369	0.146122	0.124317	0.0762623	0.0456013	0.0266507	0.027429	0.0281002	0.0292331	0.0290648	0.0410003	0.0576939	0.0449977	0.0299626	0.0265373	0.0288749	0.0210129	0.00800819	0.0065521	0.00721073
a23	0.129961	0.110517	0.0872863	0.0592261	0.0536381	0.037178	0.0448915	0.0512365	0.051809	0.0435925	0.0554252	0.0814954	0.0774405	0.0409154	0.0275455	0.0144283	0.0129795	0.00678349	0.00687797	0.00677321
a50	0.137418	0.122467	0.0964958	0.0563236	0.0474538	0.0298325	0.0411491	0.0487876	0.0409021	0.0262708	0.026347	0.0279698	0.0304149	0.0289726	0.0356179	0.0374437	0.0478677	0.0278227	0.0408968	0.0495466
a18	0.0868947	0.0679972	0.0555867	0.0424177	0.0456123	0.0445883	0.0610429	0.0690069	0.0597946	0.0423216	0.0472355	0.062642	0.0755142	0.0562288	0.0527905	0.0415157	0.032152	0.0177137	0.0184658	0.0204791
a0	0.130341	0.113544	0.103697	0.0731947	0.0694973	0.0513913	0.046507	0.0377953	0.0301738	0.02382	0.028726	0.043795	0.0542747	0.0436259	0.0417947	0.047688	0.029759	0.0112	0.00955882	0.00961717
a88	0.114288	0.12494	0.111404	0.0725026	0.0602422	0.0421114	0.0323763	0.0231833	0.0166199	0.0132823	0.015587	0.0313429	0.0508988	0.0630255	0.0678457	0.0941549	0.0450063	0.0091936	0.00625608	0.00573835
a31	0.118142	0.118903	0.0962925	0.0644326	0.0600025	0.0499653	0.0380427	0.0284495	0.01982	0.01342	0.0144991	0.0228815	0.0344555	0.0500006	0.0707592	0.117451	0.0534748	0.0124708	0.00864963	0.00788758
a88	0.0864211	0.0926605	0.0808893	0.0631249	0.0596684	0.0549261	0.047499	0.0393106	0.0251316	0.0144938	0.0132526	0.0185438	0.0308023	0.0508884	0.0769505	0.134718	0.0612216	0.0214199	0.0149018	0.013176
a98	0.0477156	0.0495913	0.0484867	0.0540189	0.0656338	0.0713242	0.0659889	0.0535217	0.0307685	0.0168053	0.0156339	0.0194266	0.0285882	0.0488669	0.0697161	0.137901	0.0763508	0.0414163	0.0309929	0.0272523
a15	0.0235106	0.0300056	0.0319189	0.0358662	0.0444994	0.0502106	0.0483375	0.0436165	0.0317536	0.0212694	0.0187623	0.0188906	0.0250877	0.0462	0.0779978	0.182578	0.109173	0.0681299	0.0460051	0.0461864
a69	0.0311851	0.0360576	0.0450979	0.0623747	0.0742641	0.0777478	0.0746872	0.0627895	0.0417066	0.024011	0.0201274	0.0165715	0.0157317	0.0247098	0.039344	0.111669	0.0885307	0.0608442	0.0455402	0.04701
a15	0.0258873	0.0275141	0.0361049	0.0613466	0.0810849	0.0941201	0.0945449	0.081173	0.0579215	0.0338036	0.0295744	0.0231123	0.0196806	0.0239043	0.0290231	0.0590937	0.0658882	0.0570606	0.0489557	0.0502062
a47	0.0301175	0.0307346	0.0404354	0.0733538	0.0934352	0.10514	0.100447	0.0811198	0.056803	0.0352188	0.0297137	0.0238336	0.019557	0.0238122	0.026812	0.0531672	0.0555256	0.0430134	0.0373353	0.0404247
a79	0.0257019	0.0242235	0.0309677	0.0667622	0.0909721	0.11037	0.105012	0.0841499	0.0651065	0.0427688	0.0363265	0.0295798	0.0249763	0.0284982	0.027838	0.0515755	0.0490897	0.0358389	0.0328219	0.0374204
a44	0.0271659	0.0241869	0.0275885	0.0510004	0.0691241	0.0851241	0.0837646	0.0746742	0.0640054	0.0479599	0.0470946	0.0381705	0.0251816	0.0253304	0.0288917	0.0570099	0.0609631	0.0597419	0.0506568	0.0523657
a15	0.0130335	0.0119693	0.0133856	0.0223474	0.0363094	0.062117	0.0827986	0.0913318	0.0924738	0.0763022	0.074161	0.0535893	0.0318666	0.0250565	0.0231081	0.03183	0.0444699	0.0642558	0.0728377	0.0767566
a7	0.00641351	0.00593895	0.00643835	0.0100118	0.0156081	0.033347	0.0549746	0.0728177	0.0861361	0.0840214	0.0779151	0.0556295	0.0342667	0.0255868	0.0223017	0.0290085	0.0494286	0.0727653	0.117285	0.140105
a40	0.00913572	0.00824618	0.00848278	0.0108908	0.0137806	0.0249213	0.0400282	0.0611649	0.0833411	0.0959649	0.0810422	0.0481579	0.0292431	0.0174229	0.0144613	0.0201427	0.0446685	0.0771742	0.136862	0.174869
a47	0.00686787	0.0061705	0.00610452	0.00794574	0.00983681	0.0170464	0.0239828	0.032563	0.0462225	0.0583891	0.0525902	0.0388175	0.0300549	0.0253224	0.0217872	0.0237446	0.0451453	0.0992934	0.190279	0.257836
a36	0.003406	0.0028357	0.00299613	0.00508691	0.00706447	0.0146961	0.0212066	0.0278743	0.0408536	0.0621374	0.0519477	0.0388221	0.0362594	0.0322568	0.0293335	0.036999	0.0697401	0.103483	0.180029	0.232972
a11	0.00717725	0.00617231	0.00608187	0.00763955	0.00801693	0.0112662	0.0130026	0.0160419	0.0219011	0.0314854	0.0231175	0.0149026	0.0104984	0.00721663	0.00771319	0.0130802	0.0402172	0.124098	0.263243	0.367129
a75	0.00426114	0.00358418	0.00338242	0.0039336	0.00447292	0.00744169	0.0085359	0.0104848	0.0134826	0.0178113	0.0154954	0.0136406	0.0115766	0.00685229	0.00616504	0.00765404	0.0287835	0.114642	0.29812	0.41968
a79	0.00111518	0.000866593	0.000855521	0.00127326	0.00149565	0.00269766	0.00326548	0.00411351	0.00540679	0.00735751	0.00582346	0.00506402	0.00568801	0.00583766	0.00559536	0.00658782	0.0330157	0.129789	0.329932	0.44422
a56	0.000403465	0.000307792	0.000310416	0.00053247	0.000635257	0.00115992	0.00153472	0.00206034	0.00275384	0.0044966	0.00349462	0.00310387	0.00392791	0.00426248	0.00403968	0.00430645	0.0276682	0.132788	0.337934	0.46428
a32	0.000934078	0.000713321	0.000690844	0.0010123	0.00111826	0.00188827	0.0022537	0.00292718	0.00406249	0.00657592	0.00538376	0.00467525	0.00525443	0.00574051	0.00640683	0.00750264	0.0416898	0.147124	0.317322	0.436724
a11	0.00222559	0.00167267	0.00166612	0.00218048	0.00237474	0.00357109	0.0036969	0.00385553	0.00393799	0.00414537	0.00316976	0.00348729	0.00451258	0.00522861	0.00675433	0.0096676	0.0472053	0.12361	0.311982	0.455057
a75	0.0032772	0.00267326	0.00264651	0.00304443	0.00355152	0.00499788	0.00565322	0.00637704	0.0065593	0.00791919	0.00671101	0.00815346	0.0109226	0.011851	0.0157534	0.0231629	0.0532176	0.122156	0.281338	0.420035
a21	0.000543126	0.000375744	0.000353842	0.000527246	0.000644544	0.00121129	0.00166934	0.00215206	0.00227719	0.00284655	0.00259384	0.00339762	0.00547689	0.00700521	0.00712896	0.00793879	0.0452913	0.114944	0.306311	0.48731
a5	0.000537209	0.000435858	0.000434656	0.000547245	0.000611152	0.00088987	0.00104849	0.0012913	0.0015177	0.00240905	0.00246505	0.00286669	0.00449878	0.00588575	0.00737753	0.00953804	0.0389471	0.116937	0.291398	0.510363
a37	0.00077867	0.000622734	0.000604534	0.000807257	0.000882236	0.00124327	0.00139207	0.00159385	0.00168648	0.00227979	0.00214853	0.00249906	0.00397358	0.00634638	0.00915734	0.0143197	0.0612966	0.13001	0.283718	0.47464
a54	0.00114878	0.000885853	0.00086823	0.00120954	0.00148973	0.00234441	0.00287238	0.00344893	0.00343198	0.00421718	0.00352575	0.00416385	0.00628337	0.00834765	0.0108384	0.0161106	0.0658995	0.148288	0.290059	0.424567
a36	0.000613662	0.000458279	0.000448872	0.000709061	0.000826499	0.00136666	0.00167805	0.00191392	0.00190822	0.00255786	0.00244413	0.00354828	0.00604238	0.00803291	0.00849101	0.0111568	0.0606614	0.143613	0.288105	0.455424
a2	0.00270515	0.00240042	0.00228034	0.00253411	0.00274039	0.00377116	0.00408642	0.00459857	0.00532158	0.00791404	0.00623739	0.00768274	0.010456	0.012705	0.0171052	0.0296807	0.0849363	0.144504	0.270931	0.377409
a57	0.0496125	0.048985	0.0486244	0.0511054	0.0529987	0.0572738	0.0504	0.0445474	0.0484735	0.0601556	0.0488321	0.0574899	0.0516878	0.0408982	0.0391438	0.0325563	0.0389569	0.0467319	0.0591111	0.0724157
a87	0.0880812	0.0758196	0.0603946	0.0475434	0.043256	0.0338896	0.0340801	0.0355963	0.0467895	0.0764459	0.0810911	0.109108	0.0911442	0.0472761	0.0368352	0.0239873	0.0213717	0.0162246	0.0154191	0.0156465
a23	0.0937624	0.081415	0.0642657	0.0487259	0.044671	0.0356987	0.0378657	0.0411154	0.0532383	0.0782601	0.0817479	0.0950141	0.0846406	0.0496668	0.0383197	0.0233048	0.0169819	0.0115213	0.00969819	0.0100864
a87	0.0317905	0.024993	0.0194864	0.017098	0.013621	0.0104023	0.0101563	0.012062	0.0177892	0.0331247	0.0354122	0.0545414	0.075002	0.0738968	0.0674547	0.0365031	0.124805	0.12702	0.114061	0.100781
</S>	0.00607029	0.00445419	0.00343719	0.00363276	0.00352316	0.00309131	0.00381689	0.00451412	0.00534728	0.00779117	0.00699402	0.0124665	0.0203843	0.0338524	0.0469116	0.061611	0.174975	0.196782	0.208618	0.191728
