 	quand	le	fruit	ibasa	se	décortique	il	devient	tout	rouge	</S>
a66	0.359897	0.175185	0.11393	0.100469	0.0804408	0.0488997	0.0343271	0.0273574	0.0205787	0.0187041	0.0202097
a87	0.161851	0.0876714	0.068653	0.0938606	0.131141	0.117733	0.0922037	0.0705606	0.0538752	0.0524006	0.0700496
a97	0.230237	0.100539	0.0671501	0.0846514	0.116585	0.0868039	0.082061	0.0717252	0.0499815	0.0493963	0.0608703
a87	0.199341	0.10273	0.0865218	0.116995	0.148174	0.086944	0.075857	0.0636652	0.0408243	0.036661	0.0422864
a97	0.187676	0.108744	0.0977031	0.130908	0.146376	0.0791441	0.072296	0.0621078	0.0401361	0.0343207	0.0405897
a87	0.249434	0.143305	0.112468	0.11138	0.119715	0.0442034	0.0537163	0.05601	0.0396664	0.0339007	0.0362007
a97	0.231829	0.131585	0.107097	0.108117	0.12585	0.0516564	0.0611202	0.0626004	0.042737	0.0371036	0.0403053
a30	0.242344	0.141394	0.108691	0.0997982	0.110893	0.0407745	0.0558286	0.0623707	0.0476996	0.044045	0.0461613
a53	0.275519	0.159479	0.116752	0.0760064	0.0778997	0.0426097	0.0456437	0.0544625	0.0485264	0.0486538	0.0544485
a15	0.254103	0.181058	0.104846	0.0681914	0.0543802	0.0376746	0.0328709	0.039606	0.0534564	0.0751129	0.0987005
a47	0.185126	0.177665	0.127317	0.108339	0.076813	0.0640547	0.0352564	0.0346973	0.0439102	0.0631576	0.0836645
a6	0.150707	0.171685	0.143665	0.120411	0.0907338	0.0772423	0.0350027	0.0324897	0.0384014	0.0574583	0.0822043
a37	0.229696	0.235594	0.137049	0.10677	0.0781883	0.0582385	0.0267426	0.0209934	0.0234634	0.0350595	0.0482056
a98	0.167047	0.201795	0.165916	0.147479	0.105525	0.0897771	0.0292207	0.0207451	0.0191888	0.0235578	0.0297477
a85	0.130476	0.18948	0.164495	0.143523	0.112653	0.0799223	0.0382439	0.0262163	0.0255604	0.0370151	0.0524157
a5	0.124711	0.156841	0.136678	0.143741	0.110897	0.0849063	0.0509304	0.0366275	0.0352448	0.048834	0.0705886
a43	0.139385	0.144485	0.141787	0.14544	0.114356	0.122692	0.0556805	0.0350159	0.0274572	0.0325137	0.0411878
a61	0.0759785	0.101908	0.139664	0.127744	0.116728	0.151518	0.0763462	0.0487307	0.0406881	0.0528824	0.0678127
a56	0.0416209	0.0652195	0.119303	0.12921	0.129968	0.166915	0.0980239	0.0667273	0.0527571	0.0579229	0.0723326
a96	0.0296875	0.0446871	0.0919058	0.113431	0.124952	0.167895	0.114123	0.0844223	0.0687284	0.0728043	0.087364
a93	0.0157246	0.0282207	0.0710059	0.0861527	0.110211	0.171408	0.113178	0.087646	0.0832017	0.100847	0.132404
a70	0.0165823	0.0264051	0.0582876	0.0667544	0.0908187	0.165228	0.126287	0.104245	0.0945595	0.110818	0.140015
a50	0.0132895	0.0223671	0.0562037	0.0570614	0.0806096	0.138985	0.115432	0.106763	0.112339	0.134187	0.162763
a31	0.00820358	0.0150065	0.0346291	0.0408686	0.0567835	0.100469	0.102831	0.114482	0.147324	0.17435	0.205053
a88	0.00754697	0.0134011	0.0325292	0.0348694	0.0496503	0.0888453	0.0914732	0.10635	0.150346	0.192369	0.23262
a71	0.00329765	0.00565896	0.0169418	0.0170627	0.0261472	0.0622459	0.0756577	0.105576	0.185167	0.23499	0.267255
a50	0.00361773	0.00482636	0.0116651	0.00951796	0.0148474	0.0524815	0.0743715	0.110498	0.183186	0.229325	0.305663
a62	0.00313775	0.00412752	0.00925293	0.00737207	0.0105744	0.0319403	0.0710833	0.114319	0.193183	0.231082	0.323927
a75	0.000995144	0.0015696	0.00391556	0.00441893	0.00596957	0.0171583	0.0441895	0.0800651	0.171909	0.259779	0.41003
a25	0.000478001	0.000765822	0.00240335	0.00257872	0.00463916	0.0158739	0.0347759	0.0619828	0.141373	0.26581	0.46932
a69	0.000323795	0.00061848	0.00238594	0.00258252	0.00561668	0.0198653	0.0340407	0.0499925	0.109518	0.243424	0.531632
a90	0.000272536	0.000397517	0.00104269	0.00110333	0.0021741	0.00922764	0.0182502	0.032884	0.0905029	0.251882	0.592263
a79	0.000462367	0.000627892	0.00164103	0.00167293	0.00325401	0.0144071	0.0283793	0.0478255	0.106902	0.253032	0.541795
a69	0.000303109	0.000388129	0.000935471	0.000781949	0.00162291	0.0088468	0.0207829	0.0366304	0.0880356	0.242869	0.598803
a11	0.000279177	0.000362902	0.000928722	0.000759922	0.0018355	0.00979295	0.022526	0.037253	0.0901171	0.251996	0.584149
a94	0.000732549	0.000967957	0.00194094	0.00155831	0.00366395	0.0126763	0.0298404	0.046321	0.10562	0.252916	0.543763
a58	0.0041926	0.00460255	0.00661591	0.00377181	0.00856224	0.0216749	0.0452582	0.074083	0.139247	0.258673	0.433319
a57	0.011147	0.0118366	0.0162937	0.010455	0.0188333	0.0334816	0.0459741	0.0675392	0.123241	0.247454	0.413744
a9	0.0292866	0.0198756	0.0223371	0.0181963	0.0263105	0.0348918	0.0464124	0.0730109	0.125921	0.225199	0.378559
a82	0.0692663	0.0366526	0.031893	0.0334746	0.0432943	0.0422751	0.0624004	0.0959887	0.134315	0.194298	0.256142
a97	0.0766359	0.0497275	0.0441325	0.0463522	0.0510431	0.0539918	0.0651052	0.0923422	0.122427	0.173073	0.225169
a10	0.0532838	0.0321044	0.0296522	0.0316943	0.0528837	0.078856	0.0918201	0.108438	0.121474	0.166454	0.233339
a97	0.0374352	0.0255928	0.02708	0.0295033	0.0501896	0.0936268	0.0986708	0.111724	0.126484	0.170905	0.228788
a87	0.0340495	0.0239568	0.0303183	0.0375444	0.0657434	0.112484	0.108273	0.108143	0.115064	0.153073	0.21135
a97	0.0290595	0.0238412	0.0349049	0.0461479	0.0785523	0.113719	0.112098	0.108821	0.112561	0.144694	0.1956
a99	0.0452085	0.0328213	0.0474955	0.064277	0.0876989	0.0982035	0.0942408	0.091658	0.0983749	0.137397	0.202624
a97	0.0406947	0.0307622	0.0296532	0.0360774	0.047063	0.0545745	0.0814642	0.0900817	0.118875	0.188341	0.282413
a87	0.0421961	0.0311639	0.0364429	0.0526476	0.0672755	0.055342	0.0806374	0.0886814	0.106259	0.165039	0.274315
</S>	0.0597103	0.0370938	0.0373814	0.0446523	0.0564486	0.0492605	0.0746337	0.083284	0.101858	0.175127	0.28055
