 	les	gens	se	sont	réunis	en	masse	dans	la	salle	de	l'	école	</S>
a66	0.0872977	0.0819389	0.0787095	0.0753432	0.0860067	0.106391	0.161898	0.159519	0.111639	0.0275372	0.00808026	0.00568824	0.00498365	0.00496715
a87	0.354685	0.184449	0.0855189	0.0454466	0.0365334	0.0403858	0.0556181	0.0537712	0.0423747	0.018405	0.0120976	0.0194979	0.0232715	0.0279447
a23	0.367144	0.187791	0.0984669	0.0656484	0.0489842	0.0487936	0.0493031	0.0365095	0.0278145	0.0152504	0.00814116	0.0109343	0.0146736	0.0205461
a79	0.330114	0.157197	0.0858578	0.0658358	0.0478716	0.0447199	0.0415765	0.0260885	0.0156919	0.0119072	0.0125169	0.0220148	0.0479573	0.0906507
a7	0.26334	0.0764519	0.0414737	0.037683	0.0392937	0.0559943	0.0772209	0.0797716	0.0645056	0.0454654	0.0387864	0.0422324	0.0547481	0.0830334
a54	0.145503	0.083835	0.0660053	0.0571575	0.0629583	0.0628186	0.057166	0.0641107	0.0585074	0.0612522	0.0524679	0.0642414	0.074677	0.0892994
a6	0.0570951	0.0462957	0.0497769	0.0557029	0.0744587	0.0751841	0.0757957	0.089246	0.076055	0.102277	0.0990989	0.0799851	0.0606509	0.0583784
a36	0.0574596	0.0516229	0.0708217	0.0842166	0.112033	0.10349	0.0895243	0.0914189	0.0587907	0.0628362	0.0643064	0.054757	0.0477123	0.0510105
a37	0.0629518	0.0633917	0.0839627	0.104608	0.128628	0.115694	0.0918887	0.0946946	0.0635884	0.056521	0.0413178	0.0323783	0.0276054	0.0327702
a96	0.0469601	0.0444169	0.0586751	0.0885513	0.110714	0.108594	0.100587	0.113272	0.0800508	0.0649805	0.0484145	0.0449897	0.042502	0.047292
a66	0.0261757	0.0249237	0.0332027	0.0598812	0.0812523	0.0927488	0.1243	0.157214	0.110689	0.0752102	0.0548044	0.0521337	0.0518748	0.0555892
a71	0.0270717	0.028064	0.0344407	0.0536784	0.0661561	0.0765644	0.113685	0.168313	0.137037	0.0871918	0.0561632	0.0520612	0.0480749	0.0514978
a53	0.0316581	0.0323878	0.033921	0.0459618	0.0528202	0.0674985	0.101973	0.139547	0.159779	0.129106	0.0657637	0.048699	0.0430977	0.0477866
a15	0.011504	0.010594	0.013533	0.0264937	0.0407099	0.0558811	0.124997	0.168998	0.144676	0.0899955	0.0753128	0.0729469	0.0784705	0.0858873
a7	0.00836925	0.00824475	0.0105499	0.019924	0.0279383	0.0341492	0.0785359	0.11753	0.12673	0.104886	0.107714	0.107852	0.114933	0.132645
a84	0.0138348	0.0136275	0.0173058	0.0279755	0.0414495	0.0593612	0.11545	0.153634	0.158243	0.103776	0.0739122	0.0689869	0.069554	0.0828889
a87	0.0273398	0.0245438	0.0265685	0.0353331	0.0489557	0.0731928	0.103338	0.123111	0.152407	0.118403	0.0655196	0.0556658	0.0638472	0.0817748
a62	0.0844479	0.0487093	0.0340899	0.0343341	0.0334227	0.0406329	0.0535704	0.0424836	0.061466	0.106551	0.0803586	0.0890806	0.11928	0.171573
a88	0.0044986	0.00273295	0.00191631	0.00234862	0.0026031	0.00360221	0.00833671	0.0138972	0.0403355	0.120063	0.134317	0.138914	0.213437	0.312999
a62	0.0028734	0.00210484	0.0016835	0.00225917	0.00253612	0.00338223	0.00854385	0.0141252	0.0351427	0.10709	0.159453	0.189254	0.221039	0.250513
a61	0.00472358	0.00409673	0.00368618	0.00505216	0.00581172	0.0073455	0.0164173	0.0229641	0.0490263	0.120009	0.169736	0.183801	0.201333	0.205996
a0	0.00276674	0.00269406	0.00250151	0.00325884	0.00381689	0.00499968	0.0117812	0.0182878	0.033653	0.0796206	0.150529	0.19029	0.239961	0.25584
a56	0.0055646	0.00486351	0.00429013	0.00602898	0.00761721	0.0108634	0.0230428	0.0283854	0.0438446	0.0925501	0.145521	0.167998	0.216199	0.243232
a61	0.000793972	0.000796975	0.000764192	0.00107942	0.00144709	0.00211058	0.00469488	0.00628686	0.0105141	0.0426333	0.118415	0.172974	0.282953	0.354537
a12	0.00123037	0.00117275	0.00107515	0.00163965	0.00224362	0.00316141	0.00582561	0.00612332	0.00906687	0.0370403	0.105693	0.155403	0.288269	0.382055
a18	0.00143557	0.0013603	0.00124558	0.00191741	0.00259088	0.00346789	0.00616176	0.0060661	0.00906434	0.0395868	0.104232	0.15121	0.285571	0.386091
a53	0.00442667	0.00380811	0.00339808	0.00485883	0.00610751	0.00854689	0.0131905	0.0112553	0.0137615	0.043882	0.0976732	0.142599	0.273376	0.373116
a69	0.000206035	0.000183188	0.000165872	0.000285157	0.000415032	0.00055647	0.00101817	0.00120744	0.00268096	0.0190642	0.080351	0.145833	0.311212	0.436821
a58	0.000330139	0.000270952	0.000250677	0.000443664	0.000600105	0.000739429	0.00139551	0.00175821	0.00364736	0.0172799	0.0644224	0.129786	0.313236	0.46584
a82	0.00252834	0.00200597	0.0019299	0.00303279	0.00422045	0.00580604	0.00797489	0.00621039	0.00905755	0.0325336	0.0765132	0.138361	0.306039	0.403787
a87	0.14728	0.0822759	0.0525003	0.0554523	0.0457945	0.0451235	0.0626986	0.0478491	0.0515948	0.041761	0.0528819	0.071104	0.115021	0.128663
a23	0.216439	0.138108	0.0840787	0.0843074	0.059367	0.0544068	0.0635919	0.042846	0.04518	0.0350476	0.0322265	0.0362146	0.050207	0.0579793
a87	0.136033	0.0886013	0.0487527	0.0501434	0.0311594	0.0279649	0.039792	0.0308085	0.0346185	0.0471493	0.0679658	0.102277	0.13141	0.163324
a23	0.0181923	0.0126868	0.00700589	0.00904871	0.00654283	0.0054972	0.0106076	0.00921605	0.0181187	0.0508872	0.105047	0.164536	0.233468	0.349146
a87	0.0361908	0.0261244	0.0166235	0.022161	0.0159924	0.0130189	0.0253654	0.0223011	0.0348725	0.058057	0.0910107	0.144339	0.201155	0.292789
</S>	0.0146662	0.00925377	0.00598327	0.00937548	0.00751215	0.00646226	0.0152842	0.0136638	0.0252281	0.0584117	0.110966	0.171181	0.220434	0.331578
