 	de	la	manière	qu'	il	a	de	mandé	son	père	il	y	a	longtemps	qu'	il	l'	a	vu	</S>
a66	0.146728	0.13345	0.080945	0.0560486	0.0778674	0.0918635	0.048007	0.0356621	0.0279049	0.0324712	0.0302259	0.0361623	0.0453788	0.0405433	0.0371138	0.0260561	0.0174532	0.0127102	0.0119599	0.011449
a87	0.243792	0.216185	0.131789	0.0945773	0.0520149	0.0365175	0.017686	0.0098144	0.0077923	0.00934455	0.00937191	0.0181937	0.0195441	0.0190437	0.020622	0.016646	0.0190198	0.0185671	0.0199873	0.0194911
a23	0.333082	0.237832	0.140812	0.0785043	0.0358817	0.0232942	0.0135302	0.0091497	0.00677752	0.00807415	0.00743777	0.0115266	0.0138017	0.0131262	0.0141675	0.0123721	0.00987334	0.0085362	0.0101215	0.0120993
a5	0.255344	0.17544	0.145848	0.0974012	0.0312838	0.0182396	0.0154458	0.0162071	0.0174416	0.0210825	0.021886	0.0293764	0.0273068	0.0213927	0.0217238	0.0162454	0.0160033	0.0148865	0.0171392	0.0203067
a37	0.145136	0.118565	0.147241	0.0975539	0.0614057	0.0506353	0.033562	0.0261472	0.0251916	0.0257024	0.0261786	0.0262308	0.0266847	0.0232321	0.0227014	0.0206017	0.0238325	0.0282931	0.0346418	0.0364631
a6	0.170441	0.196322	0.159583	0.105052	0.0996289	0.0571967	0.0342701	0.0215768	0.0112394	0.0100915	0.00879936	0.00921752	0.00890992	0.00814566	0.00852504	0.00896135	0.0141507	0.0187325	0.0247139	0.024443
a0	0.0998812	0.131744	0.124969	0.094138	0.130847	0.103901	0.0741062	0.0414754	0.0178998	0.015053	0.0126402	0.0110662	0.00987335	0.00809577	0.00792501	0.00811184	0.0151496	0.0220699	0.0338264	0.0372277
a43	0.0920953	0.133388	0.217979	0.168921	0.145633	0.0794017	0.0514912	0.0284527	0.00971151	0.00741677	0.006032	0.00445926	0.00399526	0.00343879	0.00333896	0.00403144	0.0068731	0.00890484	0.0109723	0.0134633
a31	0.0519156	0.0711279	0.144175	0.173333	0.175287	0.101001	0.0669218	0.046611	0.0224007	0.0201865	0.0161483	0.0124367	0.0114596	0.00940451	0.0087276	0.00936456	0.0113424	0.0129613	0.015257	0.0199383
a47	0.0477688	0.0650953	0.140036	0.163611	0.186807	0.118177	0.0608695	0.0377333	0.0186253	0.0209535	0.0175492	0.0158078	0.0173986	0.0146334	0.0133294	0.0123389	0.0119224	0.0117033	0.0121048	0.0135356
a21	0.0350531	0.0420004	0.0783599	0.114937	0.141583	0.0995443	0.0701648	0.0548421	0.0422023	0.0493996	0.0428242	0.0358143	0.0371902	0.0301333	0.0252047	0.020425	0.0190244	0.0185822	0.0203674	0.022347
a5	0.0210647	0.0255302	0.0418501	0.0631458	0.125923	0.126598	0.0932052	0.073786	0.0468488	0.0564348	0.0456053	0.0361347	0.0409525	0.0328778	0.0272874	0.0231194	0.0223162	0.0263034	0.0331628	0.0378537
a92	0.00511762	0.00571722	0.0135576	0.0303611	0.0742653	0.104526	0.0898338	0.0890975	0.0784588	0.0937534	0.0790277	0.0634564	0.0629651	0.0467278	0.0349543	0.0253679	0.0210895	0.0215489	0.0276821	0.0324915
a85	0.00351229	0.00386787	0.00908447	0.0199695	0.0461704	0.067274	0.0789413	0.0892249	0.0921321	0.0909541	0.0795738	0.0573739	0.0564855	0.051226	0.0436765	0.0400737	0.0376052	0.0383531	0.0449771	0.0495242
a6	0.00362285	0.00374529	0.00574673	0.0121718	0.0373458	0.0621157	0.0695638	0.0834808	0.120235	0.111207	0.0923288	0.0598833	0.0614222	0.0545283	0.0448052	0.0408005	0.0327878	0.0301577	0.0338609	0.0401911
a0	0.00389512	0.00324812	0.00505948	0.00982735	0.0302284	0.0594468	0.0571109	0.0846547	0.116803	0.105245	0.0902332	0.0588519	0.0625431	0.0533797	0.0454885	0.0419266	0.0357013	0.0369796	0.0458847	0.0534924
a75	0.00755069	0.0062459	0.00782651	0.0161458	0.036052	0.0600557	0.0515824	0.0837638	0.1297	0.127414	0.104983	0.0667301	0.0717251	0.051403	0.0392899	0.0305079	0.0210647	0.0209103	0.0287547	0.0382948
a98	0.00248257	0.00185504	0.00242775	0.00498396	0.0192684	0.0373833	0.0521571	0.0820873	0.118325	0.103113	0.0922774	0.0512071	0.0556504	0.0459955	0.0435296	0.0464285	0.0412015	0.048024	0.0687477	0.0828549
a6	0.00300443	0.00187511	0.00197013	0.0036728	0.0132525	0.0329709	0.0532545	0.0923507	0.149871	0.13595	0.119548	0.0612561	0.063438	0.043983	0.0339209	0.0321958	0.0245561	0.0272915	0.0430123	0.0626262
a7	0.00397529	0.00285104	0.00327132	0.00503177	0.0115266	0.0275011	0.0464777	0.0886935	0.150385	0.135684	0.122271	0.0597342	0.0642197	0.0473518	0.0404677	0.0397453	0.029238	0.0284284	0.0405435	0.0526029
a75	0.00887141	0.00644752	0.00516447	0.00824509	0.0121804	0.0221638	0.0317844	0.0728721	0.166698	0.157309	0.142894	0.0755922	0.0713333	0.0485621	0.0363339	0.0314363	0.0183174	0.0181859	0.0268971	0.0387107
a85	0.0024039	0.00181154	0.00261683	0.00532422	0.0156001	0.0323343	0.046786	0.0740132	0.104571	0.0976359	0.0991405	0.0572857	0.0608557	0.0480561	0.042191	0.0487545	0.0401472	0.0463566	0.0749808	0.0991347
a47	0.00171161	0.00116033	0.00138696	0.00257846	0.00859087	0.0237891	0.0433945	0.0680605	0.11558	0.109942	0.108376	0.0571648	0.0569676	0.0419007	0.0338881	0.0417393	0.0371942	0.0482248	0.0798168	0.118533
a36	0.00658998	0.004072	0.00373143	0.00529799	0.0138358	0.030818	0.0570121	0.0863793	0.108502	0.0968709	0.0896915	0.0542124	0.0503486	0.0370365	0.0303605	0.0335136	0.0311785	0.0439393	0.0837801	0.132829
a2	0.0375214	0.027497	0.0145094	0.0168884	0.0234901	0.0344519	0.0454707	0.0785609	0.12785	0.10201	0.0909346	0.0504604	0.04658	0.0328413	0.0250909	0.023973	0.0246982	0.0403645	0.0666175	0.0901899
a57	0.0789777	0.0548989	0.0293545	0.0283076	0.0396525	0.0465706	0.0625654	0.0998354	0.136707	0.0857289	0.0708219	0.037101	0.0322185	0.0235347	0.0173253	0.0166242	0.0182112	0.0278763	0.0418042	0.051884
a87	0.103713	0.0699009	0.0368254	0.0329978	0.0466095	0.0519068	0.0715398	0.0962275	0.0835153	0.0513313	0.0430975	0.0309189	0.0301901	0.0240078	0.0199816	0.0212512	0.0263379	0.0384813	0.0556797	0.0654866
a23	0.0971698	0.0793544	0.0275889	0.0188226	0.0349902	0.0505705	0.0917878	0.088863	0.0456583	0.021672	0.0160586	0.011814	0.0108663	0.0101932	0.0119412	0.019902	0.0362048	0.0707432	0.120178	0.135621
a40	0.0181179	0.0122002	0.00492278	0.00484585	0.00967989	0.0189546	0.047774	0.0647142	0.0818322	0.0618012	0.0550697	0.0576749	0.0483951	0.0490722	0.0548954	0.0720531	0.0879691	0.069974	0.0817986	0.098255
a37	0.00310175	0.00274243	0.0030171	0.00460143	0.0119204	0.0367544	0.093365	0.114033	0.0882833	0.0579582	0.049307	0.0258087	0.0235614	0.0222011	0.024219	0.0459743	0.0664487	0.0737889	0.100299	0.152615
a61	0.000327994	0.000413958	0.000529877	0.00127702	0.00668379	0.0274004	0.0739757	0.0855863	0.074928	0.0491607	0.0421683	0.0307836	0.0289201	0.0298322	0.0326934	0.059473	0.0977575	0.121874	0.114533	0.12168
a66	0.000458976	0.000536031	0.00059306	0.00118447	0.00437325	0.0148734	0.0419014	0.0469153	0.0483147	0.0348877	0.0302774	0.0249685	0.0221912	0.0227446	0.0262154	0.0477388	0.0958939	0.164734	0.180372	0.190827
a38	0.000464969	0.000527145	0.000723785	0.00167409	0.00640704	0.0174519	0.0373965	0.0609211	0.0935646	0.0659744	0.0579006	0.0398669	0.0316583	0.0261983	0.0255305	0.0397144	0.0631016	0.109752	0.143728	0.177444
a54	0.00113434	0.00127975	0.00192651	0.00409008	0.0100678	0.0219502	0.0371535	0.0584886	0.0925591	0.0680064	0.0662084	0.0447536	0.0381112	0.0310552	0.0311712	0.0491659	0.0696508	0.105915	0.124154	0.143159
a6	0.000328215	0.000306955	0.000512149	0.00131961	0.00440856	0.0125871	0.0318928	0.0571898	0.109267	0.0823974	0.0799094	0.041996	0.0374151	0.0275054	0.0253845	0.0373496	0.0476238	0.0890902	0.13221	0.181307
a37	0.000253299	0.000223567	0.000304583	0.00063061	0.00189223	0.0056254	0.0160775	0.0351383	0.0968274	0.0768669	0.0762899	0.0391661	0.0383642	0.0301088	0.0295335	0.0461618	0.0595354	0.114236	0.151575	0.18119
a6	0.00087555	0.000790553	0.000983948	0.00196447	0.00491795	0.0103797	0.0214994	0.0489959	0.120332	0.0847119	0.0802106	0.04591	0.0367231	0.0269171	0.0246367	0.0371853	0.0464785	0.0878235	0.134008	0.184656
a7	0.000302314	0.000268356	0.000331668	0.000760005	0.00246014	0.00605236	0.0194224	0.0515924	0.134817	0.0920947	0.0917668	0.0418916	0.0327254	0.0230295	0.0198144	0.0307947	0.0412772	0.0891904	0.13742	0.183988
a84	0.00067356	0.000650713	0.000849793	0.00201818	0.00504956	0.00959168	0.0249893	0.0568557	0.126054	0.0760487	0.0698937	0.0374057	0.0281168	0.0210617	0.0175986	0.0237312	0.0306947	0.0717186	0.151382	0.245616
a87	0.00921812	0.008966	0.00716845	0.011355	0.0197174	0.0344042	0.0703557	0.100944	0.12515	0.044885	0.0383637	0.0240892	0.0169414	0.0156033	0.0163757	0.0274108	0.0443169	0.082697	0.132379	0.169659
a23	0.0281413	0.0250083	0.0165776	0.02106	0.0282304	0.0386565	0.0611365	0.0918151	0.101506	0.0467317	0.040974	0.0240976	0.0204558	0.0187596	0.0219084	0.0384743	0.0459962	0.0763828	0.116169	0.137919
a87	0.00652874	0.0057687	0.00364314	0.00574928	0.0141459	0.0253663	0.0635177	0.0874836	0.0635654	0.0335662	0.0304187	0.0225884	0.0182151	0.0207332	0.0251061	0.0456569	0.0648896	0.117022	0.16644	0.179595
a23	0.00292383	0.00257126	0.00149606	0.00248055	0.00686051	0.0134309	0.0430385	0.0849443	0.09514	0.0414596	0.0325864	0.0137357	0.0103226	0.00914898	0.0105473	0.0208683	0.0364841	0.0915227	0.191289	0.289149
</S>	0.00752674	0.00578391	0.00322281	0.00530344	0.0159664	0.0285335	0.066707	0.115435	0.102955	0.057153	0.0466667	0.0252683	0.0254895	0.0242021	0.0276774	0.0426827	0.0525111	0.0787024	0.117151	0.151063
