 	la	manière	dont	son	pied	s'	est	gonflé	me	rend	triste	</S>
a66	0.201001	0.0998701	0.0529172	0.0605395	0.0717868	0.0737968	0.0799225	0.106315	0.119021	0.0850082	0.0333316	0.0164906
a87	0.335286	0.24632	0.105251	0.0564964	0.0275919	0.0254154	0.0261156	0.0516771	0.0637962	0.0293117	0.0202894	0.0124492
a23	0.277535	0.189665	0.1216	0.0703018	0.0459342	0.0469369	0.0497817	0.077841	0.0573943	0.0286934	0.0220364	0.0122797
a50	0.251567	0.25866	0.150384	0.06643	0.0403954	0.0425017	0.0400793	0.0549341	0.0357647	0.0176966	0.0185692	0.0230186
a88	0.180514	0.18109	0.147252	0.0787238	0.0628571	0.0607338	0.055158	0.0940978	0.0554562	0.0281545	0.029954	0.0260092
a43	0.281098	0.281606	0.21202	0.0682335	0.0390397	0.0301015	0.0229058	0.0251455	0.0147707	0.00816271	0.00919053	0.00772668
a94	0.142989	0.265488	0.254391	0.120861	0.0659434	0.0461124	0.0327312	0.0292941	0.0180407	0.00866089	0.00873006	0.0067576
a11	0.088009	0.20708	0.266385	0.164419	0.0861975	0.0555239	0.0408043	0.0360646	0.0238213	0.0122996	0.0114594	0.00793691
a0	0.0716349	0.160693	0.22736	0.178049	0.101979	0.0665532	0.0529996	0.052163	0.0365774	0.0215435	0.0187957	0.0116515
a88	0.0697996	0.118102	0.15909	0.151459	0.100881	0.0755409	0.0674657	0.0858366	0.067785	0.0425216	0.0363723	0.025146
a62	0.0624042	0.105639	0.149889	0.180555	0.122512	0.0881365	0.0764909	0.0829665	0.0567242	0.0322849	0.024578	0.0178207
a12	0.0624547	0.0780562	0.100191	0.15413	0.134042	0.118793	0.108747	0.107952	0.0689641	0.0360598	0.0189441	0.0116665
a43	0.0592178	0.0630817	0.075149	0.136036	0.132124	0.126994	0.122939	0.115705	0.0815914	0.045469	0.0254926	0.0162003
a11	0.0340294	0.0362379	0.0441725	0.108257	0.132556	0.140509	0.140702	0.149092	0.108294	0.0581538	0.0324371	0.0155605
a43	0.0150118	0.0205995	0.0249053	0.0667948	0.112913	0.126474	0.138037	0.17317	0.141272	0.0872895	0.065869	0.027664
a75	0.0135787	0.0147854	0.0176235	0.0485624	0.0914222	0.112101	0.129777	0.178313	0.165202	0.103155	0.0849983	0.0404815
a25	0.00818293	0.0064938	0.00823054	0.0264472	0.0633927	0.112065	0.140907	0.142704	0.152362	0.161301	0.0897129	0.0882004
a79	0.00665583	0.00591341	0.00742777	0.0249817	0.0607286	0.114535	0.131773	0.181128	0.171705	0.153206	0.070262	0.0716838
a90	0.00898239	0.00809393	0.00973204	0.0296856	0.059751	0.106004	0.125443	0.165294	0.172614	0.151354	0.0844184	0.0786276
a44	0.00760121	0.00678811	0.00813845	0.0263868	0.052438	0.0860775	0.100444	0.164426	0.193672	0.17058	0.0882366	0.0952109
a57	0.00449978	0.00328053	0.00370168	0.0124134	0.032451	0.0717722	0.0922655	0.151018	0.193118	0.210459	0.113486	0.111535
a30	0.0166958	0.0121746	0.0118529	0.0189781	0.0351616	0.0669554	0.0975127	0.136064	0.174168	0.189629	0.127241	0.113567
a4	0.0601456	0.043018	0.0353395	0.040285	0.0494727	0.0670365	0.0813465	0.0890508	0.118982	0.153368	0.132967	0.128988
a13	0.0082846	0.00532542	0.00512831	0.0125051	0.0249648	0.049238	0.0611821	0.0890765	0.130436	0.194808	0.189478	0.229573
a9	0.00675168	0.00476464	0.00463326	0.010988	0.0215719	0.0419718	0.0598716	0.0759614	0.138076	0.214934	0.177359	0.243118
a87	0.0778762	0.0494746	0.0405362	0.0523262	0.0685733	0.0826353	0.0894481	0.0964164	0.103013	0.100533	0.0918698	0.147299
a23	0.186384	0.107185	0.0659444	0.0591318	0.0548268	0.0596793	0.0602421	0.0668979	0.0724795	0.0790631	0.0781044	0.110062
a50	0.0334913	0.020377	0.0183255	0.0332756	0.0462202	0.0593569	0.0602183	0.0603928	0.0958419	0.119075	0.182491	0.270934
a90	0.0045831	0.00384101	0.00420174	0.0115041	0.0214208	0.0296753	0.0301063	0.0436476	0.072201	0.111856	0.273805	0.393158
a96	0.00528404	0.00574536	0.00589235	0.0148302	0.0230773	0.0291878	0.0300993	0.05165	0.0785891	0.0987363	0.251488	0.405421
a18	0.00222823	0.00162239	0.0014961	0.00445665	0.0105068	0.0173773	0.0220979	0.0482648	0.0824644	0.10343	0.271662	0.434394
a12	0.00272569	0.00204393	0.00191452	0.00461037	0.00988334	0.0180084	0.0250001	0.0478383	0.0784194	0.109047	0.251685	0.448825
a96	0.000570341	0.000480143	0.000510937	0.00225426	0.00617319	0.0107041	0.0145368	0.0298666	0.0659973	0.0908333	0.266459	0.511614
a5	0.00058686	0.000355451	0.00038373	0.00163511	0.00452875	0.00819963	0.0115185	0.0248782	0.0537027	0.0827274	0.265215	0.546269
a12	0.000369305	0.0002379	0.000260137	0.000995003	0.00250153	0.00453364	0.00671182	0.0113254	0.0288217	0.0603048	0.269572	0.614366
a96	0.000421532	0.0002412	0.00025271	0.000952602	0.00216379	0.00371951	0.00536474	0.00930273	0.023292	0.0494217	0.246287	0.65858
a66	0.000468904	0.000310485	0.000357963	0.00149863	0.00396361	0.00747251	0.0102892	0.0165909	0.0353255	0.0640049	0.198976	0.660742
a27	0.0180967	0.0122226	0.0102101	0.0184904	0.0287824	0.0378173	0.0406744	0.0465764	0.0501886	0.0742097	0.194059	0.468672
a57	0.0667415	0.0402572	0.0277532	0.0338079	0.0365917	0.0387	0.0376114	0.037643	0.0395324	0.063087	0.177517	0.400758
a87	0.117414	0.0551325	0.0322542	0.0364198	0.0364709	0.0363253	0.0336536	0.0349914	0.0412485	0.0684031	0.16474	0.342947
a23	0.183688	0.0760793	0.0400014	0.0486484	0.0577109	0.0691527	0.063974	0.0607376	0.0619355	0.0725751	0.0985984	0.166898
a99	0.0932475	0.0494241	0.0300142	0.0397197	0.0409187	0.0538586	0.0400617	0.0495808	0.0705187	0.0993851	0.159718	0.273553
a97	0.0627637	0.0418781	0.0345058	0.0595735	0.0594772	0.0692268	0.0493449	0.0480364	0.0552802	0.0936015	0.156666	0.269646
</S>	0.0339965	0.0216666	0.0212361	0.0419958	0.0407169	0.0506048	0.0392986	0.0406799	0.0482792	0.08304	0.158461	0.420024
