 	celui	qui	assiste	au	dépeçage	d'	un	animal	s'	en	sort	toujours	avec	une	part	aussi	petite	soit-elle	</S>
a66	0.218217	0.146622	0.0906974	0.043549	0.0399132	0.0534608	0.0634383	0.0556999	0.0497358	0.045294	0.0469761	0.0380773	0.0302929	0.0245309	0.0202884	0.0120073	0.00755408	0.00625691	0.00738907
a87	0.398962	0.19568	0.0582082	0.0400495	0.0267528	0.0257045	0.0202493	0.0176885	0.0260866	0.0234068	0.026092	0.0198244	0.0147831	0.0169326	0.0142444	0.0114345	0.0154178	0.0203706	0.0281118
a23	0.421407	0.232338	0.084847	0.0617991	0.0273916	0.0263767	0.0168727	0.0153402	0.0201319	0.017342	0.0162217	0.0116254	0.00719196	0.00666895	0.00506261	0.00360864	0.00557117	0.00853919	0.0116639
a79	0.328458	0.207597	0.0891719	0.0594997	0.031542	0.0180192	0.0127567	0.0135397	0.0272228	0.0322195	0.0355541	0.0308156	0.0228093	0.0214036	0.0138225	0.00810899	0.00986439	0.0154517	0.0221434
a57	0.218865	0.122683	0.0745208	0.055644	0.0314667	0.0231607	0.0198418	0.0290908	0.0450791	0.0472216	0.0491115	0.0472238	0.0370074	0.0334978	0.0275492	0.0218497	0.0294228	0.0361301	0.0506345
a82	0.185684	0.126453	0.10338	0.0866989	0.0820108	0.0391852	0.0338494	0.0347137	0.0369329	0.0319228	0.0316623	0.0292644	0.0244889	0.0231367	0.0217616	0.0176745	0.025852	0.0274376	0.0378913
a10	0.16427	0.133208	0.137797	0.106173	0.109682	0.0490897	0.0387398	0.0355902	0.0294347	0.0230538	0.0183742	0.0194145	0.019344	0.0189765	0.0195769	0.0180225	0.0202009	0.0197341	0.0193189
a62	0.181564	0.122641	0.13001	0.0904791	0.100121	0.0434332	0.0384833	0.0337837	0.0321212	0.0274497	0.0248756	0.0245218	0.0237041	0.0220595	0.0209852	0.0188784	0.0202474	0.0223278	0.0223141
a12	0.106902	0.149005	0.211207	0.145695	0.0868837	0.0319222	0.0300187	0.0278483	0.0235555	0.0151893	0.0161351	0.0145022	0.0116243	0.0111754	0.0118623	0.0105004	0.0208652	0.0289541	0.0461532
a62	0.0445448	0.0851632	0.184156	0.196136	0.121792	0.0626655	0.0505794	0.0426162	0.0312368	0.0198891	0.0204279	0.0189186	0.0145728	0.0134605	0.012286	0.00985561	0.0175592	0.0232397	0.0309008
a83	0.0407157	0.0699862	0.170421	0.235875	0.165076	0.0822332	0.0566866	0.0420956	0.0271307	0.0180905	0.0161492	0.0148022	0.011556	0.0100466	0.00859659	0.006218	0.00787922	0.00814809	0.00829475
a9	0.0281084	0.0462531	0.113626	0.21033	0.184875	0.1165	0.0755855	0.0557703	0.0348445	0.024451	0.0215478	0.0187799	0.0146979	0.0123047	0.0102355	0.00729085	0.0084821	0.00842406	0.00789387
a50	0.032203	0.0514564	0.0894313	0.151554	0.155099	0.15573	0.0972548	0.0654508	0.0371654	0.026629	0.0226103	0.0191105	0.0151681	0.0134652	0.0118554	0.00996877	0.0144796	0.0159488	0.0154194
a62	0.0240332	0.0265328	0.0509344	0.100864	0.156691	0.142815	0.10325	0.0769934	0.0562448	0.0456117	0.0465899	0.0367694	0.0298073	0.024352	0.0205117	0.0150213	0.0153886	0.0148595	0.0127298
a88	0.0149659	0.0152437	0.03218	0.0884559	0.143352	0.136783	0.112489	0.0991067	0.0726047	0.0568462	0.0561305	0.0431931	0.0337576	0.0261906	0.021754	0.0142764	0.0123076	0.011107	0.00925553
a62	0.00814742	0.00790581	0.0158504	0.0339317	0.0948147	0.149434	0.144092	0.121915	0.0843009	0.0665357	0.0620167	0.0474436	0.0366581	0.0297436	0.0244369	0.0171809	0.0180342	0.0181927	0.0193651
a47	0.00746254	0.00706627	0.0153573	0.0309045	0.0899619	0.145193	0.153729	0.137275	0.0910463	0.069621	0.0609869	0.0468208	0.0356616	0.0285341	0.0238359	0.0153714	0.0142727	0.0134115	0.0134877
a62	0.00790213	0.007114	0.0144163	0.0299698	0.0913056	0.158947	0.156269	0.128891	0.0932516	0.0701009	0.0600083	0.048542	0.0376236	0.0300119	0.0236509	0.0140278	0.0104277	0.00885985	0.00868088
a21	0.00517147	0.00481631	0.00982378	0.0214772	0.0748945	0.141216	0.160895	0.142318	0.102349	0.0788033	0.0667192	0.0523258	0.040113	0.0315833	0.0247614	0.014515	0.0104464	0.00889999	0.00887166
a12	0.00386236	0.00384166	0.00744153	0.0159849	0.0620153	0.138216	0.168172	0.132775	0.0922595	0.0806688	0.0688769	0.0544269	0.0460077	0.0372997	0.0298484	0.0192943	0.0137832	0.0124118	0.0128139
a18	0.00460722	0.0042315	0.00722825	0.017961	0.060058	0.117938	0.143239	0.112338	0.089355	0.0830263	0.0781603	0.0652855	0.0583055	0.0466068	0.0366267	0.0255822	0.0174638	0.0154871	0.0165002
a21	0.00630769	0.00514584	0.00861182	0.0106721	0.0240089	0.07161	0.100208	0.129596	0.127153	0.1105	0.0844331	0.0709758	0.0617453	0.0569688	0.0430912	0.0268875	0.0206362	0.0192021	0.0222469
a47	0.00360974	0.00325518	0.00446774	0.00862991	0.0242655	0.0584405	0.0989392	0.0980894	0.0842933	0.0977693	0.0929984	0.0765366	0.0766856	0.0674931	0.0575199	0.0457008	0.0358012	0.0320876	0.0334171
a31	0.00487869	0.00453524	0.0067094	0.0171336	0.0459865	0.0820962	0.108792	0.102267	0.0885671	0.0902315	0.0821863	0.071693	0.0681783	0.0597734	0.049881	0.0370357	0.0283856	0.0244967	0.0271728
a0	0.00324773	0.00276438	0.00385276	0.00933967	0.0265324	0.0525489	0.0816986	0.085215	0.0834516	0.0948887	0.0940202	0.0859466	0.0858976	0.0759719	0.0641081	0.0498216	0.037125	0.0325817	0.0309875
a75	0.00335212	0.00273276	0.00385379	0.00863723	0.0206918	0.0465175	0.0627125	0.0802118	0.0936039	0.10508	0.0998025	0.0862042	0.0891985	0.0821605	0.0650075	0.0470368	0.0366558	0.0320797	0.0344607
a96	0.000794382	0.000491589	0.000543174	0.00127048	0.00666663	0.0241781	0.0511818	0.0610369	0.0622768	0.0750472	0.0910688	0.0782526	0.0912253	0.0832004	0.0753936	0.0712631	0.0649186	0.0737373	0.0874533
a98	0.00252975	0.0017764	0.00224426	0.00520516	0.0139691	0.0340117	0.0455233	0.0569863	0.0719437	0.085944	0.0898042	0.0818423	0.0969499	0.0933257	0.0842495	0.0711141	0.0537415	0.0498289	0.0590103
a85	0.000782135	0.000461694	0.00052127	0.00119281	0.00572837	0.0208043	0.0392358	0.0554322	0.0689951	0.0799979	0.107724	0.0915821	0.0999195	0.0879835	0.0780165	0.0688631	0.05455	0.0624949	0.0757143
a37	0.000514283	0.000303882	0.000292995	0.000601166	0.00389254	0.015831	0.0317094	0.0519103	0.069603	0.0815167	0.126975	0.106387	0.110698	0.0880748	0.0757561	0.0636123	0.0464479	0.0546143	0.0712589
a5	0.00222828	0.00135485	0.00131494	0.00236429	0.00674053	0.0212711	0.0271092	0.0451719	0.0673088	0.080445	0.104951	0.0975168	0.111829	0.0984929	0.0873956	0.074533	0.0497665	0.0511766	0.0690298
a37	0.00240443	0.00149129	0.00173379	0.00284118	0.00865414	0.027389	0.0378235	0.0465341	0.0618556	0.0800904	0.091246	0.0831088	0.0928112	0.08724	0.0881956	0.0842374	0.0593954	0.0618291	0.0811191
a7	0.00296629	0.00173193	0.00177816	0.00300906	0.00687746	0.0275411	0.0323649	0.0477982	0.0658685	0.0803347	0.089481	0.0835073	0.0876593	0.0863889	0.0789392	0.0762476	0.0593352	0.066562	0.101609
a2	0.00860221	0.00536408	0.00486931	0.00627638	0.00838215	0.0251041	0.0251438	0.0434593	0.0661931	0.0746486	0.0983928	0.106164	0.107185	0.097814	0.0795437	0.0757833	0.0447027	0.0512579	0.0711132
a57	0.0241204	0.0191422	0.0195766	0.0264502	0.0269154	0.0576466	0.0448472	0.0503745	0.0650246	0.0768861	0.103447	0.0980194	0.0862265	0.0711256	0.0559967	0.0531898	0.037605	0.0397649	0.043641
a87	0.0266573	0.0173074	0.0171514	0.0217352	0.0239698	0.0543055	0.0526715	0.0572494	0.0673446	0.0794221	0.089974	0.085292	0.0832383	0.0740641	0.0607769	0.0526935	0.0435259	0.0462459	0.0463752
a23	0.0580325	0.0251943	0.0132789	0.0156271	0.0146667	0.0472013	0.057749	0.0844106	0.071701	0.0665504	0.0637317	0.0639051	0.0595094	0.056032	0.0519982	0.0460037	0.0661185	0.0752585	0.0630312
a2	0.00867446	0.00285542	0.00101406	0.00164506	0.00264273	0.0165818	0.0350342	0.0525664	0.0663148	0.0764559	0.0824876	0.0759279	0.0643589	0.0724739	0.067183	0.0574483	0.0838841	0.116206	0.116246
a40	0.000580481	0.000299893	0.000254541	0.000764846	0.00224876	0.0110164	0.0210541	0.0406626	0.0574631	0.0624515	0.073273	0.0797099	0.0775166	0.0791054	0.0755625	0.0801588	0.104488	0.121759	0.11163
a94	0.00135364	0.000851496	0.000966268	0.00153807	0.00332196	0.0168152	0.0356707	0.0603933	0.055328	0.0520652	0.0633458	0.0599785	0.0505924	0.0474668	0.0452942	0.0447609	0.100418	0.143777	0.216063
a27	0.000370568	0.000337975	0.000629308	0.00107705	0.00268263	0.0158027	0.0277443	0.0452228	0.0385578	0.0414561	0.0400707	0.0341429	0.0330956	0.0320201	0.031444	0.041282	0.132107	0.213523	0.268433
a38	0.00028411	0.00020486	0.000343902	0.000424616	0.000931736	0.00580863	0.0101174	0.020517	0.0220753	0.026642	0.0229364	0.0223753	0.0254814	0.0282991	0.0281202	0.0407369	0.151484	0.254759	0.338457
a50	0.00044717	0.000261751	0.000377491	0.000644701	0.00150907	0.00663218	0.0104297	0.0202466	0.0230382	0.0295147	0.0260587	0.028694	0.0368575	0.0429035	0.0442764	0.059821	0.166892	0.228568	0.272828
a62	0.000733729	0.000473429	0.000543773	0.000845318	0.00141554	0.00616414	0.007732	0.01342	0.0157749	0.0223419	0.0192125	0.0198085	0.0276321	0.0342446	0.0363596	0.0560189	0.156127	0.248058	0.333094
a31	0.000712046	0.000477983	0.000548142	0.00104861	0.0018743	0.00661892	0.00756089	0.011481	0.0146098	0.0222156	0.0204308	0.0204188	0.0289267	0.035012	0.0389206	0.0622187	0.143349	0.227453	0.356123
a50	0.000679907	0.00048063	0.00064046	0.00113733	0.00194241	0.005724	0.00715042	0.010023	0.0126535	0.0205608	0.019957	0.018947	0.0273086	0.0319643	0.0332793	0.0492366	0.119772	0.227582	0.410961
a93	0.00149105	0.00101362	0.00119971	0.00200648	0.00294952	0.00756297	0.00805672	0.010612	0.0143666	0.0225771	0.023657	0.0217528	0.0317599	0.0386902	0.0414221	0.0616205	0.117818	0.211338	0.380106
a70	0.000634079	0.000448586	0.000583818	0.000867122	0.00183554	0.00634291	0.00851394	0.0122061	0.0142005	0.0207296	0.0185347	0.0164948	0.0235321	0.027785	0.0270262	0.0380539	0.0907915	0.191511	0.499908
a0	0.000965677	0.000624242	0.000683421	0.0010813	0.00237229	0.00881965	0.00981982	0.0140203	0.0181742	0.0230787	0.0193342	0.01814	0.0251854	0.0306822	0.0308224	0.04945	0.102671	0.204248	0.439827
a24	0.000893294	0.000448815	0.000402033	0.000628836	0.00136618	0.00661008	0.00791903	0.0127751	0.0181562	0.0237377	0.0225069	0.0219315	0.0277618	0.0337524	0.0328417	0.0545134	0.108136	0.219597	0.406022
a83	0.0015705	0.000815891	0.000693682	0.00102769	0.00189508	0.00874815	0.00975255	0.016793	0.0215906	0.0265853	0.0264561	0.0270023	0.0308629	0.0340846	0.0319453	0.0533864	0.104965	0.221261	0.380564
a94	0.000561396	0.000293337	0.000256102	0.000418837	0.000961063	0.00523949	0.00637548	0.0105599	0.0150852	0.0213776	0.0224295	0.0229044	0.0293825	0.0347337	0.0333594	0.0564426	0.101632	0.208962	0.429025
a69	0.000410503	0.000200435	0.000170672	0.000279529	0.000627375	0.00359136	0.00490114	0.00821788	0.0125955	0.0201518	0.0227149	0.0226651	0.0289876	0.0346848	0.0355652	0.0619965	0.112078	0.216313	0.413848
a58	0.000290823	0.000142689	0.000130772	0.000229197	0.000674505	0.00507369	0.00862449	0.014625	0.0232744	0.0326415	0.03674	0.0346241	0.0416906	0.0456291	0.0440251	0.0667919	0.100422	0.184815	0.359555
a40	0.000299871	0.000145981	0.000101407	0.000185767	0.000567655	0.00452802	0.00689175	0.0133048	0.0247375	0.0326212	0.0382684	0.0382261	0.0417891	0.0459072	0.0405122	0.0672735	0.0983283	0.189258	0.357053
a75	0.000462624	0.00023245	0.000176922	0.000333468	0.00104563	0.00776603	0.0125434	0.0212472	0.0370438	0.0432678	0.0528277	0.0481183	0.0482729	0.0491627	0.0433794	0.0571032	0.0903929	0.174166	0.312457
a92	0.000560417	0.000296732	0.000282645	0.000465516	0.00151425	0.0103471	0.0169438	0.0288518	0.0460026	0.0546509	0.0677959	0.0595354	0.0579402	0.053686	0.04416	0.0489649	0.0624386	0.142867	0.302697
a37	0.000261568	0.000139306	0.000142032	0.000222228	0.000630347	0.00600883	0.0103882	0.0176148	0.0295404	0.0452057	0.0557494	0.0494626	0.0535263	0.0499443	0.0436847	0.0535378	0.0672201	0.161782	0.354939
a12	0.00022247	0.00012011	0.000127734	0.00021403	0.000622231	0.00520139	0.00651611	0.0104232	0.0167026	0.0244742	0.0322457	0.0277364	0.0295974	0.029351	0.0272747	0.0443047	0.0842774	0.199848	0.460741
a88	0.000715275	0.000365987	0.000324903	0.000397668	0.000791752	0.00560553	0.00614625	0.00942756	0.01622	0.0279613	0.0383642	0.0330095	0.0353837	0.0354929	0.0340334	0.048284	0.0749098	0.18839	0.444176
a71	0.000507593	0.000277708	0.000268888	0.000353993	0.000783567	0.00575786	0.00630243	0.0102346	0.0178538	0.0280653	0.0405338	0.0364996	0.0363345	0.0347245	0.028618	0.0432905	0.0765762	0.181779	0.451238
a9	0.00310863	0.00190236	0.00157965	0.00233365	0.00397034	0.0145041	0.0144882	0.0265778	0.0427664	0.0490304	0.0718091	0.070074	0.0586178	0.0454675	0.0343621	0.0463673	0.0689573	0.149359	0.294725
a87	0.0231047	0.0139452	0.0115885	0.0204671	0.0214778	0.0344556	0.02737	0.0359607	0.045253	0.049494	0.0739407	0.0783065	0.0665513	0.0503612	0.0466894	0.0617105	0.0759451	0.111633	0.151745
a23	0.0415056	0.0190998	0.0115506	0.0127067	0.0127765	0.0257654	0.0261487	0.0340852	0.0377512	0.0428257	0.0593295	0.0612264	0.0544862	0.0506366	0.0560558	0.066427	0.090835	0.127839	0.168949
a87	0.00572569	0.00274357	0.00127858	0.00176816	0.00185067	0.0163873	0.0248793	0.0419289	0.0472426	0.0517917	0.0720328	0.0641055	0.0575593	0.0570049	0.0585318	0.0587074	0.103115	0.162249	0.171097
</S>	0.00453135	0.0023854	0.0012934	0.00129193	0.00150387	0.0158266	0.0207076	0.0328712	0.0327024	0.0409204	0.0636472	0.0642591	0.0478644	0.0427025	0.0395503	0.0367921	0.0847837	0.179377	0.28699
