 	jésus	est	réssuscité	après	trois	jours	</S>
a66	0.192498	0.315267	0.301163	0.108475	0.0437875	0.021683	0.0171263
a87	0.363902	0.202954	0.186911	0.112695	0.0729347	0.0359435	0.0246607
a23	0.524536	0.290657	0.0882596	0.0270119	0.0228023	0.0229434	0.0237893
a87	0.592901	0.275256	0.0745412	0.0187038	0.0122091	0.011212	0.0151766
a97	0.564098	0.310077	0.0659213	0.0202768	0.0139468	0.0124143	0.0132661
a87	0.579757	0.255066	0.0752503	0.027513	0.0214888	0.0196124	0.0213124
a23	0.571322	0.237321	0.0841984	0.0337247	0.0287412	0.0225613	0.0221311
a97	0.565299	0.191695	0.0745258	0.0522882	0.0513624	0.0339956	0.0308336
a87	0.493411	0.215502	0.0916554	0.0567024	0.0654066	0.0419821	0.0353408
a99	0.50646	0.230277	0.0948103	0.0492047	0.0490692	0.034904	0.0352749
a83	0.559722	0.196795	0.0732976	0.0468018	0.0532653	0.0356017	0.0345161
a62	0.560839	0.185291	0.0523908	0.0358727	0.0502741	0.0508004	0.0645322
a47	0.499585	0.22152	0.0641035	0.0457763	0.0537489	0.0532872	0.0619796
a31	0.413275	0.251321	0.0835413	0.0567799	0.0590577	0.0614616	0.0745637
a0	0.369143	0.25942	0.107554	0.0683769	0.0707598	0.0615634	0.0631833
a75	0.329272	0.2571	0.124434	0.0687822	0.0635912	0.074037	0.0827835
a25	0.247155	0.254548	0.164124	0.114281	0.081859	0.0654924	0.0725406
a15	0.128926	0.216126	0.175255	0.113798	0.101179	0.108013	0.156703
a7	0.112246	0.186494	0.178895	0.149648	0.112097	0.105152	0.155469
a84	0.060887	0.195747	0.290071	0.132404	0.0945107	0.0942714	0.132108
a40	0.0293012	0.141025	0.296156	0.170854	0.125075	0.115048	0.12254
a47	0.0448329	0.099717	0.184747	0.162866	0.109868	0.13942	0.258549
a85	0.0123916	0.0573348	0.197423	0.158634	0.109127	0.142084	0.323006
a92	0.0052424	0.0268746	0.13472	0.16174	0.124278	0.167441	0.379704
a85	0.00787968	0.0307995	0.167324	0.183317	0.154498	0.171457	0.284725
a92	0.00927598	0.0366032	0.167724	0.165433	0.142945	0.183103	0.294915
a37	0.00326294	0.0128338	0.112267	0.208102	0.187958	0.197813	0.277764
a85	0.00228187	0.00591617	0.081348	0.232049	0.184911	0.177127	0.316367
a21	0.00132845	0.00316848	0.0328949	0.106845	0.129817	0.231354	0.494592
a5	0.00277725	0.00650913	0.0606395	0.129846	0.172167	0.254518	0.373544
a47	0.0010332	0.00217024	0.0199509	0.0757226	0.124196	0.276068	0.50086
a37	0.000986942	0.00240093	0.0165885	0.0690972	0.115659	0.284378	0.510889
a26	0.000963623	0.00208735	0.00824021	0.0350806	0.0708041	0.301159	0.581665
a13	0.00744661	0.0108536	0.0282149	0.0765442	0.108482	0.26306	0.505399
a3	0.0259773	0.0257119	0.04617	0.0928769	0.125756	0.254847	0.428661
a87	0.0575499	0.0530203	0.0939376	0.182877	0.183529	0.206125	0.222961
a23	0.0471928	0.0550654	0.143276	0.271021	0.228133	0.139335	0.115977
a99	0.0408031	0.0397583	0.0657087	0.158576	0.187822	0.222075	0.285257
a97	0.00494501	0.00859995	0.0231497	0.0964611	0.158877	0.295741	0.412226
a87	0.00502081	0.00913353	0.025413	0.0632655	0.0936035	0.214925	0.588639
a23	0.0356229	0.0547094	0.115347	0.136076	0.139452	0.179117	0.339677
a4	0.0205515	0.0299178	0.0517338	0.0847378	0.120109	0.22174	0.471209
a99	0.00392485	0.00874791	0.0210081	0.0718496	0.13295	0.290493	0.471027
a93	0.00150263	0.00371364	0.0108723	0.0358526	0.0644674	0.211442	0.67215
a70	0.000468259	0.0015011	0.0141224	0.0451641	0.0766642	0.278591	0.583489
a93	0.000247535	0.000805056	0.00692573	0.03105	0.0723486	0.303162	0.585461
a12	0.000207146	0.000563403	0.00453861	0.0234879	0.0645345	0.293825	0.612844
a62	0.000218176	0.000507159	0.00417801	0.0269635	0.0766223	0.338772	0.552739
a88	0.000925435	0.00192257	0.0100317	0.0484451	0.109326	0.334715	0.494634
a13	0.000674007	0.00143604	0.00521469	0.027879	0.074633	0.320351	0.569812
a70	0.00134322	0.00270531	0.00877442	0.0425681	0.0955701	0.335253	0.513786
a62	0.000434684	0.000961581	0.00357093	0.0229706	0.0596569	0.325606	0.5868
a88	0.000442004	0.00109752	0.00483035	0.031367	0.0814163	0.335912	0.544934
a0	0.00062225	0.0013995	0.00509155	0.032507	0.0834527	0.316622	0.560305
a75	0.00288205	0.0049305	0.0127672	0.0611173	0.110655	0.320089	0.487559
a5	4.13974e-05	8.29008e-05	0.000366835	0.00497278	0.0216042	0.246701	0.726231
a36	0.000111803	0.000254042	0.00137965	0.0117214	0.0379136	0.268165	0.680454
a27	0.000347512	0.000651922	0.00182858	0.0136485	0.0429802	0.238869	0.701674
a82	0.0104977	0.00786765	0.0158667	0.0539917	0.116949	0.27961	0.515217
a87	0.0617538	0.035178	0.0491565	0.0790752	0.119738	0.246472	0.408626
a97	0.0482394	0.055053	0.157206	0.181427	0.168065	0.17321	0.216799
a3	0.0680588	0.0907445	0.234429	0.200848	0.139459	0.1097	0.15676
a87	0.0805287	0.121918	0.209315	0.185195	0.131094	0.109638	0.162311
a23	0.0923642	0.122862	0.210432	0.177707	0.124082	0.107433	0.16512
a99	0.030231	0.0266146	0.0421394	0.0594237	0.0767794	0.168525	0.596287
a87	0.0234518	0.0225525	0.0320748	0.0579435	0.0842733	0.187073	0.592631
</S>	0.0439882	0.0481266	0.0614759	0.0676913	0.0777723	0.160055	0.540891
